shape_id,shape_pt_lon,shape_pt_lat,shape_pt_sequence
L1V1,-4.49421181,36.71883746,1
L1V1,-4.48529264,36.71756824,2
L1V1,-4.47753123,36.71647712,3
L1V1,-4.47704007,36.71643921,4
L1V1,-4.47663131,36.71645075,5
L1V1,-4.47612037,36.71652657,6
L1V1,-4.46749036,36.71771987,7
L1V1,-4.46695964,36.71776932,8
L1V1,-4.46581908,36.71775943,9
L1V1,-4.46541032,36.71781217,10
L1V1,-4.46270726,36.71819126,11
L1V1,-4.46134255,36.71836267,12
L1V1,-4.46068986,36.7184286,13
L1V1,-4.45998772,36.71839564,14
L1V1,-4.45870542,36.71827202,15
L1V1,-4.45799504,36.71827696,16
L1V1,-4.45727477,36.71832971,17
L1V1,-4.45683635,36.71840882,18
L1V1,-4.45650671,36.71850607,19
L1V1,-4.45555075,36.71887691,20
L1V1,-4.45443491,36.71932358,21
L1V1,-4.45385474,36.71945543,22
L1V1,-4.45338665,36.71947851,23
L1V1,-4.45218346,36.71941258,24
L1V1,-4.45075611,36.71926754,25
L1V1,-4.44954798,36.71915546,26
L1V1,-4.44934443,36.71909612,27
L1V1,-4.44919279,36.7190236,28
L1V1,-4.44904033,36.71890988,29
L1V1,-4.44892084,36.71876895,30
L1V1,-4.44879805,36.71850277,31
L1V1,-4.44769045,36.71445148,32
L1V1,-4.44747454,36.7138367,33
L1V1,-4.44706908,36.71325818,34
L1V1,-4.44606697,36.71190005,35
L1V1,-4.4450253,36.71042326,36
L1V1,-4.44471709,36.70986946,37
L1V1,-4.44424941,36.7089477,38
L1V1,-4.44412043,36.70884098,39
L1V1,-4.44403761,36.70880802,40
L1V1,-4.44389422,36.70878577,41
L1V1,-4.44378544,36.70879153,42
L1V1,-4.44361567,36.70884963,43
L1V1,-4.43951823,36.71089671,44
L1V1,-4.43919353,36.71105246,45
L1V1,-4.43897762,36.7111291,46
L1V1,-4.43876088,36.71115218,47
L1V1,-4.43858699,36.71113652,48
L1V1,-4.43837355,36.71106812,49
L1V1,-4.43822439,36.71097829,50
L1V1,-4.43807852,36.71084973,51
L1V1,-4.43789145,36.71067585,52
L1V1,-4.43764751,36.71050938,53
L1V1,-4.43741594,36.71042202,54
L1V1,-4.43717695,36.71037999,55
L1V1,-4.4369701,36.71037752,56
L1V1,-4.43671793,36.71041708,57
L1V1,-4.43647069,36.71051103,58
L1V1,-4.43626137,36.71064371,59
L1V1,-4.43604875,36.71080523,60
L1V1,-4.43576526,36.7110162,61
L1V1,-4.43554358,36.71119503,62
L1V1,-4.43532437,36.7114299,63
L1V1,-4.43506972,36.71177108,64
L1V1,-4.43499802,36.71184937,65
L1V1,-4.43489748,36.7119598,66
L1V1,-4.43474585,36.71204386,67
L1V1,-4.43422666,36.7121922,68
L1V1,-4.43362507,36.71234054,69
L1V1,-4.43293199,36.71251483,70
L1V1,-4.43261472,36.71259395,71
L1V1,-4.43239962,36.71270561,72
L1V1,-4.43175586,36.713995692,73
L1V1,-4.42985954,36.715275014,74
L1V1,-4.42888592,36.71673004,75
L1V1,-4.42311917,36.71761586,76
L1V2,-4.42314063,36.717684661,77
L1V2,-4.42878936,36.716884844,78
L1V2,-4.42987832,36.71540617,79
L1V2,-4.43178805,36.714096748,80
L1V2,-4.43239962,36.71270561,81
L1V2,-4.43261472,36.71259395,82
L1V2,-4.43293199,36.71251483,83
L1V2,-4.43362507,36.71234054,84
L1V2,-4.43422666,36.7121922,85
L1V2,-4.43474585,36.71204386,86
L1V2,-4.43489748,36.7119598,87
L1V2,-4.43499802,36.71184937,88
L1V2,-4.43506972,36.71177108,89
L1V2,-4.43532437,36.7114299,90
L1V2,-4.43554358,36.71119503,91
L1V2,-4.43576526,36.7110162,92
L1V2,-4.43604875,36.71080523,93
L1V2,-4.43626137,36.71064371,94
L1V2,-4.43647069,36.71051103,95
L1V2,-4.43671793,36.71041708,96
L1V2,-4.4369701,36.71037752,97
L1V2,-4.43717695,36.71037999,98
L1V2,-4.43741594,36.71042202,99
L1V2,-4.43764751,36.71050938,100
L1V2,-4.43789145,36.71067585,101
L1V2,-4.43807852,36.71084973,102
L1V2,-4.43822439,36.71097829,103
L1V2,-4.43837355,36.71106812,104
L1V2,-4.43858699,36.71113652,105
L1V2,-4.43876088,36.71115218,106
L1V2,-4.43897762,36.7111291,107
L1V2,-4.43919353,36.71105246,108
L1V2,-4.43951823,36.71089671,109
L1V2,-4.44361567,36.70884963,110
L1V2,-4.44378544,36.70879153,111
L1V2,-4.44389422,36.70878577,112
L1V2,-4.44403761,36.70880802,113
L1V2,-4.44412043,36.70884098,114
L1V2,-4.44424941,36.7089477,115
L1V2,-4.44471709,36.70986946,116
L1V2,-4.4450253,36.71042326,117
L1V2,-4.44606697,36.71190005,118
L1V2,-4.44706908,36.71325818,119
L1V2,-4.44747454,36.7138367,120
L1V2,-4.44769045,36.71445148,121
L1V2,-4.44879805,36.71850277,122
L1V2,-4.44892084,36.71876895,123
L1V2,-4.44904033,36.71890988,124
L1V2,-4.44919279,36.7190236,125
L1V2,-4.44934443,36.71909612,126
L1V2,-4.44954798,36.71915546,127
L1V2,-4.45075611,36.71926754,128
L1V2,-4.45218346,36.71941258,129
L1V2,-4.45338665,36.71947851,130
L1V2,-4.45385474,36.71945543,131
L1V2,-4.45443491,36.71932358,132
L1V2,-4.45555075,36.71887691,133
L1V2,-4.45650671,36.71850607,134
L1V2,-4.45683635,36.71840882,135
L1V2,-4.45727477,36.71832971,136
L1V2,-4.45799504,36.71827696,137
L1V2,-4.45870542,36.71827202,138
L1V2,-4.45998772,36.71839564,139
L1V2,-4.46068986,36.7184286,140
L1V2,-4.46134255,36.71836267,141
L1V2,-4.46270726,36.71819126,142
L1V2,-4.46541032,36.71781217,143
L1V2,-4.46581908,36.71775943,144
L1V2,-4.46695964,36.71776932,145
L1V2,-4.46749036,36.71771987,146
L1V2,-4.47612037,36.71652657,147
L1V2,-4.47663131,36.71645075,148
L1V2,-4.47704007,36.71643921,149
L1V2,-4.47753123,36.71647712,150
L1V2,-4.48529264,36.71756824,151
L1V2,-4.49421181,36.71883746,152
L2V1,-4.45815949,36.68435362,153
L2V1,-4.45810361,36.6844467,154
L2V1,-4.45805376,36.6845256,155
L2V1,-4.45802038,36.68457546,156
L2V1,-4.45794848,36.68466096,157
L2V1,-4.45791242,36.68470382,158
L2V1,-4.45783269,36.68478252,159
L2V1,-4.45767858,36.68492426,160
L2V1,-4.45758381,36.68503305,161
L2V1,-4.45750635,36.68516078,162
L2V1,-4.4574569,36.68529676,163
L2V1,-4.45742229,36.68549125,164
L2V1,-4.45732752,36.68637304,165
L2V1,-4.45697974,36.68960517,166
L2V1,-4.45695172,36.68997025,167
L2V1,-4.4568858,36.69042351,168
L2V1,-4.45675559,36.69079188,169
L2V1,-4.45657676,36.6910762,170
L2V1,-4.45637156,36.69130118,171
L2V1,-4.45599906,36.69161269,172
L2V1,-4.45528374,36.69216978,173
L2V1,-4.43977741,36.70434344,174
L2V1,-4.43713039,36.7064004,175
L2V1,-4.43546405,36.70769836,176
L2V1,-4.43529346,36.70783516,177
L2V1,-4.43521188,36.70793488,178
L2V1,-4.43517314,36.70807333,179
L2V1,-4.43519869,36.70819942,180
L2V1,-4.43527368,36.70831067,181
L2V1,-4.43543851,36.7084656,182
L2V1,-4.43610933,36.70908038,183
L2V1,-4.43651231,36.70945288,184
L2V1,-4.43664911,36.70962182,185
L2V1,-4.43672823,36.70979406,186
L2V1,-4.4367513,36.71001244,187
L2V1,-4.43673317,36.71013688,188
L2V1,-4.43669691,36.71023742,189
L2V1,-4.43664499,36.71034126,190
L2V1,-4.43659307,36.71042038,191
L2V1,-4.43653456,36.71048301,192
L2V1,-4.43641177,36.71058932,193
L2V1,-4.435811,36.71104999,194
L2V1,-4.4356025,36.71120904,195
L2V1,-4.43545993,36.71134914,196
L2V1,-4.43533384,36.71150407,197
L2V1,-4.43511216,36.71180322,198
L2V1,-4.43499184,36.71196145,199
L2V1,-4.43486081,36.71206034,200
L2V1,-4.43472236,36.71212462,201
L2V1,-4.43388425,36.71233724,202
L2V1,-4.43239962,36.71270561,203
L2V1,-4.43175586,36.713995692,204
L2V1,-4.42985954,36.715275014,205
L2V1,-4.42888592,36.71673004,206
L2V2,-4.42878936,36.716884844,207
L2V2,-4.42987832,36.71540617,208
L2V2,-4.43178805,36.714096748,209
L2V2,-4.43239962,36.71270561,210
L2V2,-4.43388425,36.71233724,211
L2V2,-4.43472236,36.71212462,212
L2V2,-4.43486081,36.71206034,213
L2V2,-4.43499184,36.71196145,214
L2V2,-4.43511216,36.71180322,215
L2V2,-4.43533384,36.71150407,216
L2V2,-4.43545993,36.71134914,217
L2V2,-4.4356025,36.71120904,218
L2V2,-4.435811,36.71104999,219
L2V2,-4.43641177,36.71058932,220
L2V2,-4.43653456,36.71048301,221
L2V2,-4.43659307,36.71042038,222
L2V2,-4.43664499,36.71034126,223
L2V2,-4.43669691,36.71023742,224
L2V2,-4.43673317,36.71013688,225
L2V2,-4.4367513,36.71001244,226
L2V2,-4.43672823,36.70979406,227
L2V2,-4.43664911,36.70962182,228
L2V2,-4.43651231,36.70945288,229
L2V2,-4.43610933,36.70908038,230
L2V2,-4.43543851,36.7084656,231
L2V2,-4.43527368,36.70831067,232
L2V2,-4.43519869,36.70819942,233
L2V2,-4.43517314,36.70807333,234
L2V2,-4.43521188,36.70793488,235
L2V2,-4.43529346,36.70783516,236
L2V2,-4.43546405,36.70769836,237
L2V2,-4.43713039,36.7064004,238
L2V2,-4.43977741,36.70434344,239
L2V2,-4.45528374,36.69216978,240
L2V2,-4.45599906,36.69161269,241
L2V2,-4.45637156,36.69130118,242
L2V2,-4.45657676,36.6910762,243
L2V2,-4.45675559,36.69079188,244
L2V2,-4.4568858,36.69042351,245
L2V2,-4.45695172,36.68997025,246
L2V2,-4.45697974,36.68960517,247
L2V2,-4.45732752,36.68637304,248
L2V2,-4.45742229,36.68549125,249
L2V2,-4.4574569,36.68529676,250
L2V2,-4.45750635,36.68516078,251
L2V2,-4.45758381,36.68503305,252
L2V2,-4.45767858,36.68492426,253
L2V2,-4.45783269,36.68478252,254
L2V2,-4.45791242,36.68470382,255
L2V2,-4.45794848,36.68466096,256
L2V2,-4.45802038,36.68457546,257
L2V2,-4.45805376,36.6845256,258
L2V2,-4.45810361,36.6844467,259
L2V2,-4.45815949,36.68435362,260