shape_id,shape_pt_lat,shape_pt_lon,shape_pt_sequence
1,38.3459892273,-0.4906579852,1
1,38.3468132019,-0.4885570109,2
1,38.3473854065,-0.4869369864,3
1,38.3478736877,-0.4855439961,4
1,38.3482246399,-0.4846079946,5
1,38.348865509,-0.4832969904,6
1,38.3522071838,-0.4802980125,7
1,38.3522491455,-0.4770959914,8
1,38.3520126343,-0.4762830138,9
1,38.3531761169,-0.4708890021,10
1,38.35313797,-0.4708830118,11
1,38.3530921936,-0.4705579877,12
1,38.3530197144,-0.4703890085,13
1,38.3528442383,-0.4701960087,14
1,38.3525733948,-0.4700570107,15
1,38.3522033691,-0.4698849916,16
1,38.3518829346,-0.4696600139,17
1,38.3517227173,-0.4693430066,18
1,38.351524353,-0.4688679874,19
1,38.3515663147,-0.468396008,20
1,38.3519134521,-0.4678890109,21
1,38.3545875549,-0.4637109935,22
1,38.3552207947,-0.4623480141,23
1,38.3555488586,-0.4605939984,24
1,38.3556632996,-0.4601599872,25
1,38.3570365906,-0.4574559927,26
1,38.358215332,-0.4557720125,27
1,38.3592071533,-0.4543339908,28
1,38.3594436646,-0.4536040127,29
1,38.3595619202,-0.4527029991,30
1,38.3607444763,-0.449977994,31
1,38.3614807129,-0.4488300085,32
1,38.3619728088,-0.4480949938,33
1,38.3628768921,-0.4470359981,34
1,38.3667564392,-0.4425689876,35
1,38.3703613281,-0.4383940101,36
1,38.3721160889,-0.435939014,37
1,38.374797821,-0.4287030101,38
1,38.3768081665,-0.422939986,39
1,38.3775482178,-0.4218559861,40
1,38.3782196045,-0.4209829867,41
1,38.3785514832,-0.4201000035,42
1,38.3785629272,-0.4201099873,43
1,38.3786697388,-0.4187079966,44
1,38.3783073425,-0.4173029959,45
1,38.3775672913,-0.4152050018,46
1,38.3775482178,-0.4139580131,47
1,38.3778991699,-0.4127750099,48
1,38.3784408569,-0.4119710028,49
1,38.3791160583,-0.4111999869,50
1,38.3798561096,-0.410322994,51
1,38.3803596497,-0.4100289941,52
1,38.382019043,-0.4097000062,53
1,38.3845558167,-0.4092000127,54
1,38.3870010376,-0.4086999893,55
1,38.3886795044,-0.4083999991,56
1,38.3906288147,-0.4079999924,57
1,38.3928985596,-0.4075100124,58
1,38.3949012756,-0.407099992,59
1,38.3969993591,-0.4066999853,60
1,38.3987083435,-0.4063099921,61
1,38.4009284973,-0.4055730104,62
1,38.4034004211,-0.4047650099,63
1,38.4051017761,-0.4041830003,64
1,38.4058990479,-0.4038600028,65
1,38.4084014893,-0.4029799998,66
1,38.4101524353,-0.4023840129,67
1,38.4105796814,-0.4024299979,68
1,38.4119186401,-0.4020200074,69
1,38.4123497009,-0.4019199908,70
1,38.4127807617,-0.4017400146,71
1,38.4131317139,-0.4015200138,72
1,38.4134712219,-0.4012300074,73
1,38.4137992859,-0.4008199871,74
1,38.4141387939,-0.4002099931,75
1,38.4148254395,-0.3986099958,76
1,38.4153594971,-0.3980199993,77
1,38.4157485962,-0.3978399932,78
1,38.4160385132,-0.3977800012,79
1,38.4172782898,-0.397570014,80
1,38.4185409546,-0.3973700106,81
1,38.4201660156,-0.3971000016,82
1,38.4215316772,-0.3968800008,83
1,38.4230690002,-0.396690011,84
1,38.4245986938,-0.3963800073,85
1,38.4266815186,-0.3960900009,86
1,38.4269714355,-0.3959600031,87
1,38.4273109436,-0.3957099915,88
1,38.4278488159,-0.3951399922,89
1,38.4295883179,-0.3933500051,90
1,38.4313812256,-0.3915500045,91
1,38.4327011108,-0.3905799985,92
1,38.4341087341,-0.3895429969,93
1,38.4390983582,-0.3826220036,94
1,38.4425315857,-0.3781810105,95
1,38.4433288574,-0.3751440048,96
1,38.4445495605,-0.3736779988,97
1,38.4455795288,-0.3724600077,98
1,38.4458389282,-0.3719100058,99
1,38.4464988708,-0.3704699874,100
1,38.4469528198,-0.3695569932,101
1,38.4475822449,-0.3686940074,102
1,38.4482841492,-0.3677279949,103
1,38.4488487244,-0.3669739962,104
1,38.4491577148,-0.3664270043,105
1,38.4496765137,-0.3653919995,106
1,38.4499855042,-0.3647759855,107
1,38.450214386,-0.3643110096,108
1,38.4506912231,-0.3633509874,109
1,38.4507865906,-0.3629429936,110
1,38.4508094788,-0.362699002,111
1,38.4507369995,-0.3620499969,112
1,38.4500732422,-0.3603869975,113
1,38.4500198364,-0.3599460125,114
1,38.450050354,-0.3596990108,115
1,38.4502563477,-0.358931005,116
1,38.4511795044,-0.3573319912,117
1,38.4514770508,-0.3570260108,118
1,38.4517211914,-0.3568809927,119
1,38.4525184631,-0.3566319942,120
1,38.4528579712,-0.3564760089,121
1,38.4531402588,-0.3562380075,122
1,38.4533576965,-0.355926007,123
1,38.4535179138,-0.3555429876,124
1,38.4536094666,-0.3551079929,125
1,38.4540290833,-0.3530350029,126
1,38.4543533325,-0.350387007,127
1,38.4548149109,-0.3492119908,128
1,38.4551277161,-0.3488849998,129
1,38.4568595886,-0.3473669887,130
1,38.4570999146,-0.3470290005,131
1,38.4576263428,-0.3459950089,132
1,38.4579391479,-0.345649004,133
1,38.4581832886,-0.3454900086,134
1,38.4612197876,-0.344235003,135
1,38.4617996216,-0.3441219926,136
1,38.4621696472,-0.3442130089,137
1,38.4624862671,-0.3444649875,138
1,38.4626922607,-0.344731003,139
1,38.4636573792,-0.3460290134,140
1,38.4639778137,-0.3462089896,141
1,38.4642601013,-0.3462519944,142
1,38.4645767212,-0.3462010026,143
1,38.4648551941,-0.3460560143,144
1,38.4650650024,-0.3458549976,145
1,38.4652328491,-0.3456400037,146
1,38.46534729,-0.3454180062,147
1,38.4667282104,-0.3428640068,148
1,38.4676628113,-0.3416050076,149
1,38.4678764343,-0.341271013,150
1,38.4681129456,-0.3408659995,151
1,38.4682579041,-0.3405730128,152
1,38.4684944153,-0.3397980034,154
1,38.4686164856,-0.3392750025,155
1,38.4687728882,-0.3387869895,156
1,38.4689712524,-0.3383069932,157
1,38.4694862366,-0.3375369906,158
1,38.4696769714,-0.3372580111,159
1,38.469871521,-0.3368610144,160
1,38.4699821472,-0.3365019858,161
1,38.4700469971,-0.336273998,162
1,38.4701652527,-0.3356570005,163
1,38.4705657959,-0.3333230019,164
1,38.4707183838,-0.3326640129,165
1,38.470867157,-0.3323230147,166
1,38.4715499878,-0.3312979937,167
1,38.4717903137,-0.3308770061,168
1,38.4719085693,-0.3305310011,169
1,38.4719581604,-0.3301559985,170
1,38.471988678,-0.3296029866,171
1,38.4720535278,-0.3282679915,172
1,38.4721107483,-0.3278279901,173
1,38.4722290039,-0.3274360001,174
1,38.472869873,-0.3255879879,175
1,38.4730911255,-0.3250490129,176
1,38.4733657837,-0.3247300088,177
1,38.4736328125,-0.324544996,178
1,38.4745674133,-0.3241400123,179
1,38.4748535156,-0.3239279985,180
1,38.4750556946,-0.323664993,181
1,38.4751625061,-0.3234100044,182
1,38.4752540588,-0.3230800033,183
1,38.4752693176,-0.3227530122,184
1,38.4752235413,-0.3223479986,185
1,38.4751243591,-0.3219459951,186
1,38.4749679565,-0.321408987,187
1,38.4749221802,-0.3209399879,188
1,38.4750175476,-0.3203440011,189
1,38.4752388,-0.3199709952,190
1,38.4755973816,-0.3196150064,191
1,38.4759864807,-0.319325,192
1,38.476348877,-0.3190540075,193
1,38.4766349792,-0.3187539876,194
1,38.4769096375,-0.3183999956,195
1,38.4807243347,-0.3135559857,196
1,38.4811820984,-0.312981993,197
1,38.4814109802,-0.3124830127,198
1,38.4814796448,-0.3119190037,199
1,38.4813537598,-0.3109000027,200
1,38.4813575745,-0.3102990091,201
1,38.4818496704,-0.3084860146,202
1,38.482170105,-0.3074299991,203
1,38.4825019836,-0.3066250086,204
1,38.4827156067,-0.3060509861,205
1,38.482875824,-0.305498004,206
1,38.4833030701,-0.3040390015,207
1,38.4834327698,-0.3034650087,208
1,38.4835548401,-0.3028109968,209
1,38.4836578369,-0.302195996,210
1,38.4837913513,-0.3013089895,211
1,38.4844512939,-0.2976340055,212
1,38.4846382141,-0.297048986,213
1,38.4849700928,-0.2964479923,214
1,38.4854698181,-0.2958739996,215
1,38.4857673645,-0.2956460118,216
1,38.4860343933,-0.2954959869,217
1,38.4871902466,-0.294975996,218
1,38.4874649048,-0.294788003,219
1,38.4876823425,-0.2945599854,220
1,38.4878616333,-0.2943300009,221
1,38.4896736145,-0.291655004,222
1,38.4911575317,-0.2895019948,223
1,38.4913711548,-0.2891579866,224
1,38.4915046692,-0.2888819873,225
1,38.4916305542,-0.2885249853,226
1,38.4922714233,-0.2866609991,227
1,38.4928398132,-0.2850219905,228
1,38.4934120178,-0.2833859921,229
1,38.4938812256,-0.2820419967,230
1,38.4940948486,-0.2813880146,231
1,38.4942703247,-0.2810499966,232
1,38.4944496155,-0.2808110118,233
1,38.4946136475,-0.2806560099,234
1,38.4952697754,-0.2800790071,235
1,38.4954452515,-0.2799099982,236
1,38.4956130981,-0.2796660066,237
1,38.4957313538,-0.279433012,238
1,38.4958152771,-0.2791270018,239
1,38.4958763123,-0.2787779868,240
1,38.4960594177,-0.2769460082,241
1,38.496219635,-0.2753849924,242
1,38.4962997437,-0.2744889855,243
1,38.4964294434,-0.2730840147,244
1,38.4965362549,-0.2720969915,245
1,38.4965591431,-0.2715170085,246
1,38.4964942932,-0.2710829973,247
1,38.4963188171,-0.2706699967,248
1,38.4961357117,-0.2703669965,249
1,38.4955863953,-0.269746989,250
1,38.4953079224,-0.2693800032,251
1,38.4951515198,-0.2689960003,252
1,38.4951133728,-0.2684620023,253
1,38.4951820374,-0.2681460083,254
1,38.4957084656,-0.2665100098,255
1,38.4961395264,-0.2651390135,256
1,38.4963493347,-0.2648600042,257
1,38.4965744019,-0.2645620108,258
1,38.4968109131,-0.2643769979,259
1,38.4980697632,-0.2637600005,260
1,38.4983329773,-0.2635619938,261
1,38.4985694885,-0.2632699907,262
1,38.4987487793,-0.2629370093,263
1,38.4988479614,-0.2625829875,264
1,38.4988861084,-0.2622100115,265
1,38.4990196228,-0.2604449987,266
1,38.4991226196,-0.2598519921,267
1,38.4993095398,-0.2592839897,268
1,38.4995613098,-0.2587929964,269
1,38.5002441406,-0.2574119866,270
1,38.5006904602,-0.2565239966,271
1,38.5009231567,-0.2562049925,272
1,38.501121521,-0.2559629977,273
1,38.5022697449,-0.2550030053,274
1,38.5026817322,-0.2546330094,275
1,38.502910614,-0.2543269992,276
1,38.503074646,-0.2540189922,277
1,38.5031814575,-0.2536939979,278
1,38.5032615662,-0.2533020079,279
1,38.5033226013,-0.2529219985,280
1,38.5034065247,-0.2523150146,281
1,38.5036582947,-0.2508479953,282
1,38.5038528442,-0.2502070069,283
1,38.5040130615,-0.2498639971,284
1,38.5041885376,-0.2496089935,285
1,38.5053901672,-0.2481549978,286
1,38.5059509277,-0.2474550009,287
1,38.5061149597,-0.2472060025,288
1,38.5062522888,-0.2469349951,289
1,38.5063667297,-0.2466289997,290
1,38.5064544678,-0.2462210059,291
1,38.506477356,-0.2458509952,292
1,38.5064468384,-0.2454649955,293
1,38.5063781738,-0.2451239973,294
1,38.50623703,-0.2447540015,295
1,38.5060768127,-0.2444159985,296
1,38.5053787231,-0.2432979941,297
1,38.5048904419,-0.2425789982,298
1,38.5046348572,-0.2420240045,299
1,38.5045204163,-0.2415889949,300
1,38.5044784546,-0.2410019934,301
1,38.5045547485,-0.2401649952,302
1,38.5047416687,-0.2385960072,303
1,38.5050964355,-0.2376060039,304
1,38.5057640076,-0.2367260009,305
1,38.5067176819,-0.2354869992,306
1,38.5076141357,-0.234345004,307
1,38.5082015991,-0.2336259931,308
1,38.5090827942,-0.2326599956,309
1,38.5096206665,-0.2320940048,310
1,38.5101127625,-0.2315600067,311
1,38.5121459961,-0.2296990007,312
1,38.5124588013,-0.2293879986,313
1,38.5126838684,-0.2290070057,314
1,38.5128517151,-0.2285940051,315
1,38.5134239197,-0.2270009965,316
1,38.5135231018,-0.2265470028,317
1,38.5135498047,-0.2260729969,318
1,38.513469696,-0.2254420072,319
1,38.5131378174,-0.2240229994,320
1,38.513130188,-0.2235379964,321
1,38.5135879517,-0.219273001,322
1,38.5137214661,-0.2180899978,323
1,38.5138473511,-0.2169850022,324
1,38.5139198303,-0.2166689932,325
1,38.5139923096,-0.2164410055,326
1,38.5147819519,-0.2147559971,327
1,38.5151138306,-0.2140389979,328
1,38.5152740479,-0.2138739973,329
1,38.5155029297,-0.2136189938,330
1,38.5157585144,-0.2134370059,331
1,38.5160102844,-0.2133129984,332
1,38.5162353516,-0.2132489979,333
1,38.5174827576,-0.213026002,334
1,38.5183334351,-0.2128899992,335
1,38.5203742981,-0.2125380039,336
1,38.5220336914,-0.2122350037,337
1,38.5233573914,-0.212007001,338
1,38.5237312317,-0.2118539959,339
1,38.5240364075,-0.2116719931,340
1,38.5243721008,-0.2114119977,341
1,38.5246772766,-0.2111140043,342
1,38.5250816345,-0.2106900066,343
1,38.5254516602,-0.2102099955,344
1,38.5256919861,-0.2098480016,345
1,38.5259475708,-0.2093870044,346
1,38.5261688232,-0.2089570016,347
1,38.527015686,-0.2074580044,348
1,38.528213501,-0.2052479982,349
1,38.5290603638,-0.2036709934,350
1,38.529384613,-0.2030320019,351
1,38.5295791626,-0.2025469989,352
1,38.5297775269,-0.2020030022,353
1,38.5303993225,-0.2001789957,354
1,38.5307998657,-0.1989820004,355
1,38.5315208435,-0.1968819946,356
1,38.5319976807,-0.1955379993,357
1,38.5329742432,-0.192681998,358
1,38.53358078,-0.1909600049,359
1,38.5337638855,-0.1905599982,360
1,38.5339546204,-0.1901929975,361
1,38.5341491699,-0.189891994,362
1,38.5352249146,-0.1883769929,363
1,38.5363845825,-0.1867460012,364
1,38.5373878479,-0.1853300035,365
1,38.5380744934,-0.1843210012,366
1,38.5382652283,-0.1839620024,367
1,38.5384178162,-0.1836429983,368
1,38.5385818481,-0.1832060069,369
1,38.5387153625,-0.1827580035,370
1,38.5388565063,-0.1822530031,371
1,38.5393791199,-0.1801829934,372
1,38.5399055481,-0.1781309992,373
1,38.5403251648,-0.1764570028,374
1,38.5406532288,-0.1750539988,375
1,38.5410842896,-0.1734099984,376
1,38.5416221619,-0.1713130027,377
1,38.5421104431,-0.1690350026,378
1,38.5425491333,-0.1670050025,379
1,38.5427627563,-0.1662919968,380
1,38.5429725647,-0.1657949984,381
1,38.5432739258,-0.1652700007,382
1,38.5436058044,-0.1648409963,383
1,38.5446929932,-0.1636199951,384
1,38.5457496643,-0.162432,385
1,38.5462417603,-0.161906004,386
1,38.5462036133,-0.1616940051,387
1,38.5465240479,-0.161480993,388
1,38.546672821,-0.1611900032,389
1,38.5468101501,-0.1607950032,390
1,38.5468215942,-0.1604440063,391
1,38.5468902588,-0.1600040048,392
1,38.5468788147,-0.1599860042,393
1,38.5468902588,-0.1596300006,394
1,38.5467300415,-0.1590099931,395
1,38.5464439392,-0.1579629928,396
1,38.5461006165,-0.1566859931,397
1,38.5460090637,-0.1557060033,398
1,38.5461082458,-0.1550790071,399
1,38.5473213196,-0.1519410014,400
1,38.5484619141,-0.1489530057,401
1,38.5492134094,-0.146983996,402
1,38.5494308472,-0.1460829973,403
1,38.5495529175,-0.1452160031,404
1,38.5495910645,-0.1446290016,405
1,38.5495796204,-0.1433469951,406
1,38.5492553711,-0.1406009942,407
1,38.54920578,-0.1401640028,408
1,38.5491371155,-0.1398279965,409
1,38.5489082336,-0.1393669993,410
1,38.548625946,-0.1387979984,411
1,38.5485229492,-0.1382289976,412
1,38.5482635498,-0.136105001,413
1,38.5481071472,-0.1347540021,414
2,38.5481071472,-0.1347540021,1
2,38.5482635498,-0.136105001,2
2,38.5485229492,-0.1382289976,3
2,38.548625946,-0.1387979984,4
2,38.5489082336,-0.1393669993,5
2,38.5491371155,-0.1398279965,6
2,38.54920578,-0.1401640028,7
2,38.5492553711,-0.1406009942,8
2,38.5495796204,-0.1433469951,9
2,38.5495910645,-0.1446290016,10
2,38.5495529175,-0.1452160031,11
2,38.5494308472,-0.1460829973,12
2,38.5492134094,-0.146983996,13
2,38.5484619141,-0.1489530057,14
2,38.5473213196,-0.1519410014,15
2,38.5461082458,-0.1550790071,16
2,38.5460090637,-0.1557060033,17
2,38.5461006165,-0.1566859931,18
2,38.5464439392,-0.1579629928,19
2,38.5467300415,-0.1590099931,20
2,38.5468902588,-0.1596300006,21
2,38.5468788147,-0.1599860042,22
2,38.5468902588,-0.1600040048,23
2,38.5468215942,-0.1604440063,24
2,38.5468101501,-0.1607950032,25
2,38.546672821,-0.1611900032,26
2,38.5465240479,-0.161480993,27
2,38.5462036133,-0.1616940051,28
2,38.5462417603,-0.161906004,29
2,38.5457496643,-0.162432,30
2,38.5446929932,-0.1636199951,31
2,38.5436058044,-0.1648409963,32
2,38.5432739258,-0.1652700007,33
2,38.5429725647,-0.1657949984,34
2,38.5427627563,-0.1662919968,35
2,38.5425491333,-0.1670050025,36
2,38.5421104431,-0.1690350026,37
2,38.5416221619,-0.1713130027,38
2,38.5410842896,-0.1734099984,39
2,38.5406532288,-0.1750539988,40
2,38.5403251648,-0.1764570028,41
2,38.5399055481,-0.1781309992,42
2,38.5393791199,-0.1801829934,43
2,38.5388565063,-0.1822530031,44
2,38.5387153625,-0.1827580035,45
2,38.5385818481,-0.1832060069,46
2,38.5384178162,-0.1836429983,47
2,38.5382652283,-0.1839620024,48
2,38.5380744934,-0.1843210012,49
2,38.5373878479,-0.1853300035,50
2,38.5363845825,-0.1867460012,51
2,38.5352249146,-0.1883769929,52
2,38.5341491699,-0.189891994,53
2,38.5339546204,-0.1901929975,54
2,38.5337638855,-0.1905599982,55
2,38.53358078,-0.1909600049,56
2,38.5329742432,-0.192681998,57
2,38.5319976807,-0.1955379993,58
2,38.5315208435,-0.1968819946,59
2,38.5307998657,-0.1989820004,60
2,38.5303993225,-0.2001789957,61
2,38.5297775269,-0.2020030022,62
2,38.5295791626,-0.2025469989,63
2,38.529384613,-0.2030320019,64
2,38.5290603638,-0.2036709934,65
2,38.528213501,-0.2052479982,66
2,38.527015686,-0.2074580044,67
2,38.5261688232,-0.2089570016,68
2,38.5259475708,-0.2093870044,69
2,38.5256919861,-0.2098480016,70
2,38.5254516602,-0.2102099955,71
2,38.5250816345,-0.2106900066,72
2,38.5246772766,-0.2111140043,73
2,38.5243721008,-0.2114119977,74
2,38.5240364075,-0.2116719931,75
2,38.5237312317,-0.2118539959,76
2,38.5233573914,-0.212007001,77
2,38.5220336914,-0.2122350037,78
2,38.5203742981,-0.2125380039,79
2,38.5183334351,-0.2128899992,80
2,38.5174827576,-0.213026002,81
2,38.5162353516,-0.2132489979,82
2,38.5160102844,-0.2133129984,83
2,38.5157585144,-0.2134370059,84
2,38.5155029297,-0.2136189938,85
2,38.5152740479,-0.2138739973,86
2,38.5151138306,-0.2140389979,87
2,38.5147819519,-0.2147559971,88
2,38.5139923096,-0.2164410055,89
2,38.5139198303,-0.2166689932,90
2,38.5138473511,-0.2169850022,91
2,38.5137214661,-0.2180899978,92
2,38.5135879517,-0.219273001,93
2,38.513130188,-0.2235379964,94
2,38.5131378174,-0.2240229994,95
2,38.513469696,-0.2254420072,96
2,38.5135498047,-0.2260729969,97
2,38.5135231018,-0.2265470028,98
2,38.5134239197,-0.2270009965,99
2,38.5128517151,-0.2285940051,100
2,38.5126838684,-0.2290070057,101
2,38.5124588013,-0.2293879986,102
2,38.5121459961,-0.2296990007,103
2,38.5101127625,-0.2315600067,104
2,38.5096206665,-0.2320940048,105
2,38.5090827942,-0.2326599956,106
2,38.5082015991,-0.2336259931,107
2,38.5076141357,-0.234345004,108
2,38.5067176819,-0.2354869992,109
2,38.5057640076,-0.2367260009,110
2,38.5050964355,-0.2376060039,111
2,38.5047416687,-0.2385960072,112
2,38.5045547485,-0.2401649952,113
2,38.5044784546,-0.2410019934,114
2,38.5045204163,-0.2415889949,115
2,38.5046348572,-0.2420240045,116
2,38.5048904419,-0.2425789982,117
2,38.5053787231,-0.2432979941,118
2,38.5060768127,-0.2444159985,119
2,38.50623703,-0.2447540015,120
2,38.5063781738,-0.2451239973,121
2,38.5064468384,-0.2454649955,122
2,38.506477356,-0.2458509952,123
2,38.5064544678,-0.2462210059,124
2,38.5063667297,-0.2466289997,125
2,38.5062522888,-0.2469349951,126
2,38.5061149597,-0.2472060025,127
2,38.5059509277,-0.2474550009,128
2,38.5053901672,-0.2481549978,129
2,38.5041885376,-0.2496089935,130
2,38.5040130615,-0.2498639971,131
2,38.5038528442,-0.2502070069,132
2,38.5036582947,-0.2508479953,133
2,38.5034065247,-0.2523150146,134
2,38.5033226013,-0.2529219985,135
2,38.5032615662,-0.2533020079,136
2,38.5031814575,-0.2536939979,137
2,38.503074646,-0.2540189922,138
2,38.502910614,-0.2543269992,139
2,38.5026817322,-0.2546330094,140
2,38.5022697449,-0.2550030053,141
2,38.501121521,-0.2559629977,142
2,38.5009231567,-0.2562049925,143
2,38.5006904602,-0.2565239966,144
2,38.5002441406,-0.2574119866,145
2,38.4995613098,-0.2587929964,146
2,38.4993095398,-0.2592839897,147
2,38.4991226196,-0.2598519921,148
2,38.4990196228,-0.2604449987,149
2,38.4988861084,-0.2622100115,150
2,38.4988479614,-0.2625829875,151
2,38.4987487793,-0.2629370093,152
2,38.4985694885,-0.2632699907,153
2,38.4983329773,-0.2635619938,154
2,38.4980697632,-0.2637600005,155
2,38.4968109131,-0.2643769979,156
2,38.4965744019,-0.2645620108,157
2,38.4963493347,-0.2648600042,158
2,38.4961395264,-0.2651390135,159
2,38.4957084656,-0.2665100098,160
2,38.4951820374,-0.2681460083,161
2,38.4951133728,-0.2684620023,162
2,38.4951515198,-0.2689960003,163
2,38.4953079224,-0.2693800032,164
2,38.4955863953,-0.269746989,165
2,38.4961357117,-0.2703669965,166
2,38.4963188171,-0.2706699967,167
2,38.4964942932,-0.2710829973,168
2,38.4965591431,-0.2715170085,169
2,38.4965362549,-0.2720969915,170
2,38.4964294434,-0.2730840147,171
2,38.4962997437,-0.2744889855,172
2,38.496219635,-0.2753849924,173
2,38.4960594177,-0.2769460082,174
2,38.4958763123,-0.2787779868,175
2,38.4958152771,-0.2791270018,176
2,38.4957313538,-0.279433012,177
2,38.4956130981,-0.2796660066,178
2,38.4954452515,-0.2799099982,179
2,38.4952697754,-0.2800790071,180
2,38.4946136475,-0.2806560099,181
2,38.4944496155,-0.2808110118,182
2,38.4942703247,-0.2810499966,183
2,38.4940948486,-0.2813880146,184
2,38.4938812256,-0.2820419967,185
2,38.4934120178,-0.2833859921,186
2,38.4928398132,-0.2850219905,187
2,38.4922714233,-0.2866609991,188
2,38.4916305542,-0.2885249853,189
2,38.4915046692,-0.2888819873,190
2,38.4913711548,-0.2891579866,191
2,38.4911575317,-0.2895019948,192
2,38.4896736145,-0.291655004,193
2,38.4878616333,-0.2943300009,194
2,38.4876823425,-0.2945599854,195
2,38.4874649048,-0.294788003,196
2,38.4871902466,-0.294975996,197
2,38.4860343933,-0.2954959869,198
2,38.4857673645,-0.2956460118,199
2,38.4854698181,-0.2958739996,200
2,38.4849700928,-0.2964479923,201
2,38.4846382141,-0.297048986,202
2,38.4844512939,-0.2976340055,203
2,38.4837913513,-0.3013089895,204
2,38.4836578369,-0.302195996,205
2,38.4835548401,-0.3028109968,206
2,38.4834327698,-0.3034650087,207
2,38.4833030701,-0.3040390015,208
2,38.482875824,-0.305498004,209
2,38.4827156067,-0.3060509861,210
2,38.4825019836,-0.3066250086,211
2,38.482170105,-0.3074299991,212
2,38.4818496704,-0.3084860146,213
2,38.4813575745,-0.3102990091,214
2,38.4813537598,-0.3109000027,215
2,38.4814796448,-0.3119190037,216
2,38.4814109802,-0.3124830127,217
2,38.4811820984,-0.312981993,218
2,38.4807243347,-0.3135559857,219
2,38.4769096375,-0.3183999956,220
2,38.4766349792,-0.3187539876,221
2,38.476348877,-0.3190540075,222
2,38.4759864807,-0.319325,223
2,38.4755973816,-0.3196150064,224
2,38.4752388,-0.3199709952,225
2,38.4750175476,-0.3203440011,226
2,38.4749221802,-0.3209399879,227
2,38.4749679565,-0.321408987,228
2,38.4751243591,-0.3219459951,229
2,38.4752235413,-0.3223479986,230
2,38.4752693176,-0.3227530122,231
2,38.4752540588,-0.3230800033,232
2,38.4751625061,-0.3234100044,233
2,38.4750556946,-0.323664993,234
2,38.4748535156,-0.3239279985,235
2,38.4745674133,-0.3241400123,236
2,38.4736328125,-0.324544996,237
2,38.4733657837,-0.3247300088,238
2,38.4730911255,-0.3250490129,239
2,38.472869873,-0.3255879879,240
2,38.4722290039,-0.3274360001,241
2,38.4721107483,-0.3278279901,242
2,38.4720535278,-0.3282679915,243
2,38.471988678,-0.3296029866,244
2,38.4719581604,-0.3301559985,245
2,38.4719085693,-0.3305310011,246
2,38.4717903137,-0.3308770061,247
2,38.4715499878,-0.3312979937,248
2,38.470867157,-0.3323230147,249
2,38.4707183838,-0.3326640129,250
2,38.4705657959,-0.3333230019,251
2,38.4701652527,-0.3356570005,252
2,38.4700469971,-0.336273998,253
2,38.4699821472,-0.3365019858,254
2,38.469871521,-0.3368610144,255
2,38.4696769714,-0.3372580111,256
2,38.4694862366,-0.3375369906,257
2,38.4689712524,-0.3383069932,258
2,38.4687728882,-0.3387869895,259
2,38.4686164856,-0.3392750025,260
2,38.4684944153,-0.3397980034,261
2,38.4682579041,-0.3405730128,262
2,38.4681129456,-0.3408659995,263
2,38.4678764343,-0.341271013,264
2,38.4676628113,-0.3416050076,265
2,38.4667282104,-0.3428640068,266
2,38.46534729,-0.3454180062,267
2,38.4652328491,-0.3456400037,268
2,38.4650650024,-0.3458549976,269
2,38.4648551941,-0.3460560143,270
2,38.4645767212,-0.3462010026,271
2,38.4642601013,-0.3462519944,272
2,38.4639778137,-0.3462089896,273
2,38.4636573792,-0.3460290134,274
2,38.4626922607,-0.344731003,275
2,38.4624862671,-0.3444649875,276
2,38.4621696472,-0.3442130089,277
2,38.4617996216,-0.3441219926,278
2,38.4612197876,-0.344235003,279
2,38.4581832886,-0.3454900086,280
2,38.4579391479,-0.345649004,281
2,38.4576263428,-0.3459950089,282
2,38.4570999146,-0.3470290005,283
2,38.4568595886,-0.3473669887,284
2,38.4551277161,-0.3488849998,285
2,38.4548149109,-0.3492119908,286
2,38.4543533325,-0.350387007,287
2,38.4540290833,-0.3530350029,288
2,38.4536094666,-0.3551079929,289
2,38.4535179138,-0.3555429876,290
2,38.4533576965,-0.355926007,291
2,38.4531402588,-0.3562380075,292
2,38.4528579712,-0.3564760089,293
2,38.4525184631,-0.3566319942,294
2,38.4517211914,-0.3568809927,295
2,38.4514770508,-0.3570260108,296
2,38.4511795044,-0.3573319912,297
2,38.4502563477,-0.358931005,298
2,38.450050354,-0.3596990108,299
2,38.4500198364,-0.3599460125,300
2,38.4500732422,-0.3603869975,301
2,38.4507369995,-0.3620499969,302
2,38.4508094788,-0.362699002,303
2,38.4507865906,-0.3629429936,304
2,38.4506912231,-0.3633509874,305
2,38.450214386,-0.3643110096,306
2,38.4499855042,-0.3647759855,307
2,38.4496765137,-0.3653919995,308
2,38.4491577148,-0.3664270043,309
2,38.4488487244,-0.3669739962,310
2,38.4482841492,-0.3677279949,311
2,38.4475822449,-0.3686940074,312
2,38.4469528198,-0.3695569932,313
2,38.4464988708,-0.3704699874,314
2,38.4458389282,-0.3719100058,315
2,38.4455795288,-0.3724600077,316
2,38.4445495605,-0.3736779988,317
2,38.4433288574,-0.3751440048,318
2,38.4425315857,-0.3781810105,319
2,38.4390983582,-0.3826220036,320
2,38.4341087341,-0.3895429969,321
2,38.4327011108,-0.3905799985,322
2,38.4313812256,-0.3915500045,323
2,38.4295883179,-0.3933500051,324
2,38.4278488159,-0.3951399922,325
2,38.4273109436,-0.3957099915,326
2,38.4269714355,-0.3959600031,327
2,38.4266815186,-0.3960900009,328
2,38.4245986938,-0.3963800073,329
2,38.4230690002,-0.396690011,330
2,38.4215316772,-0.3968800008,331
2,38.4201660156,-0.3971000016,332
2,38.4185409546,-0.3973700106,333
2,38.4172782898,-0.397570014,334
2,38.4160385132,-0.3977800012,335
2,38.4157485962,-0.3978399932,336
2,38.4153594971,-0.3980199993,337
2,38.4148254395,-0.3986099958,338
2,38.4141387939,-0.4002099931,339
2,38.4137992859,-0.4008199871,340
2,38.4134712219,-0.4012300074,341
2,38.4131317139,-0.4015200138,342
2,38.4127807617,-0.4017400146,343
2,38.4123497009,-0.4019199908,344
2,38.4119186401,-0.4020200074,345
2,38.4105796814,-0.4024299979,346
2,38.4101524353,-0.4023840129,347
2,38.4084014893,-0.4029799998,348
2,38.4058990479,-0.4038600028,349
2,38.4051017761,-0.4041830003,350
2,38.4034004211,-0.4047650099,351
2,38.4009284973,-0.4055730104,352
2,38.3987083435,-0.4063099921,353
2,38.3969993591,-0.4066999853,354
2,38.3949012756,-0.407099992,355
2,38.3928985596,-0.4075100124,356
2,38.3906288147,-0.4079999924,357
2,38.3886795044,-0.4083999991,358
2,38.3870010376,-0.4086999893,359
2,38.3845558167,-0.4092000127,360
2,38.382019043,-0.4097000062,361
2,38.3803596497,-0.4100289941,362
2,38.3798561096,-0.410322994,363
2,38.3791160583,-0.4111999869,364
2,38.3784408569,-0.4119710028,365
2,38.3778991699,-0.4127750099,366
2,38.3775482178,-0.4139580131,367
2,38.3775672913,-0.4152050018,368
2,38.3783073425,-0.4173029959,369
2,38.3786697388,-0.4187079966,370
2,38.3785629272,-0.4201099873,371
2,38.3785514832,-0.4201000035,372
2,38.3782196045,-0.4209829867,373
2,38.3775482178,-0.4218559861,374
2,38.3768081665,-0.422939986,375
2,38.374797821,-0.4287030101,376
2,38.3721160889,-0.435939014,377
2,38.3703613281,-0.4383940101,378
2,38.3667564392,-0.4425689876,379
2,38.3628768921,-0.4470359981,380
2,38.3619728088,-0.4480949938,381
2,38.3614807129,-0.4488300085,382
2,38.3607444763,-0.449977994,383
2,38.3595619202,-0.4527029991,384
2,38.3594436646,-0.4536040127,385
2,38.3592071533,-0.4543339908,386
2,38.358215332,-0.4557720125,387
2,38.3570365906,-0.4574559927,388
2,38.3556632996,-0.4601599872,389
2,38.3555488586,-0.4605939984,390
2,38.3552207947,-0.4623480141,391
2,38.3545875549,-0.4637109935,392
2,38.3519134521,-0.4678890109,393
2,38.3515663147,-0.468396008,394
2,38.351524353,-0.4688679874,395
2,38.3517227173,-0.4693430066,396
2,38.3518829346,-0.4696600139,397
2,38.3522033691,-0.4698849916,398
2,38.3525733948,-0.4700570107,399
2,38.3528442383,-0.4701960087,400
2,38.3530197144,-0.4703890085,401
2,38.3530921936,-0.4705579877,402
2,38.35313797,-0.4708830118,403
2,38.3531761169,-0.4708890021,404
2,38.3520126343,-0.4762830138,405
2,38.3522491455,-0.4770959914,406
2,38.3522071838,-0.4802980125,407
2,38.348865509,-0.4832969904,408
2,38.3482246399,-0.4846079946,409
2,38.3478736877,-0.4855439961,410
2,38.3473854065,-0.4869369864,411
2,38.3468132019,-0.4885570109,412
2,38.3459892273,-0.4906579852,413
5,38.3459892273,-0.4906579852,1
5,38.3468132019,-0.4885570109,2
5,38.3473854065,-0.4869369864,3
5,38.3478736877,-0.4855439961,4
5,38.3482246399,-0.4846079946,5
5,38.348865509,-0.4832969904,6
5,38.3522071838,-0.4802980125,7
5,38.3522491455,-0.4770959914,8
5,38.3520126343,-0.4762830138,9
5,38.3531761169,-0.4708890021,10
5,38.35313797,-0.4708830118,11
5,38.3530921936,-0.4705579877,12
5,38.3530197144,-0.4703890085,13
5,38.3528442383,-0.4701960087,14
5,38.3525733948,-0.4700570107,15
5,38.3522033691,-0.4698849916,16
5,38.3518829346,-0.4696600139,17
5,38.3517227173,-0.4693430066,18
5,38.351524353,-0.4688679874,19
5,38.3515663147,-0.468396008,20
5,38.3519134521,-0.4678890109,21
5,38.3545875549,-0.4637109935,22
5,38.3552207947,-0.4623480141,23
5,38.3555488586,-0.4605939984,24
5,38.3556632996,-0.4601599872,25
5,38.3570365906,-0.4574559927,26
5,38.358215332,-0.4557720125,27
5,38.3592071533,-0.4543339908,28
5,38.3594436646,-0.4536040127,29
5,38.3595619202,-0.4527029991,30
5,38.3607444763,-0.449977994,31
5,38.3614807129,-0.4488300085,32
5,38.3619728088,-0.4480949938,33
5,38.3628768921,-0.4470359981,34
5,38.3667564392,-0.4425689876,35
5,38.3703613281,-0.4383940101,36
5,38.3721160889,-0.435939014,37
5,38.374797821,-0.4287030101,38
5,38.3768081665,-0.422939986,39
5,38.3775482178,-0.4218559861,40
5,38.3782196045,-0.4209829867,41
5,38.3785514832,-0.4201000035,42
5,38.3785629272,-0.4201099873,43
5,38.3786697388,-0.4187079966,44
5,38.3783073425,-0.4173029959,45
5,38.3775672913,-0.4152050018,46
5,38.3775482178,-0.4139580131,47
5,38.3778991699,-0.4127750099,48
5,38.3784408569,-0.4119710028,49
5,38.3791160583,-0.4111999869,50
5,38.3798561096,-0.410322994,51
5,38.3803596497,-0.4100289941,52
5,38.382019043,-0.4097000062,53
5,38.3845558167,-0.4092000127,54
5,38.3870010376,-0.4086999893,55
5,38.3886795044,-0.4083999991,56
5,38.3906288147,-0.4079999924,57
5,38.3928985596,-0.4075100124,58
5,38.3949012756,-0.407099992,59
5,38.3969993591,-0.4066999853,60
5,38.3987083435,-0.4063099921,61
5,38.4009284973,-0.4055730104,62
5,38.4034004211,-0.4047650099,63
5,38.4051017761,-0.4041830003,64
5,38.4058990479,-0.4038600028,65
5,38.4084014893,-0.4029799998,66
5,38.4101524353,-0.4023840129,67
5,38.4105796814,-0.4024299979,68
5,38.4119186401,-0.4020200074,69
5,38.4123497009,-0.4019199908,70
5,38.4127807617,-0.4017400146,71
5,38.4131317139,-0.4015200138,72
5,38.4134712219,-0.4012300074,73
5,38.4137992859,-0.4008199871,74
5,38.4141387939,-0.4002099931,75
5,38.4148254395,-0.3986099958,76
5,38.4153594971,-0.3980199993,77
5,38.4157485962,-0.3978399932,78
5,38.4160385132,-0.3977800012,79
5,38.4172782898,-0.397570014,80
5,38.4185409546,-0.3973700106,81
5,38.4201660156,-0.3971000016,82
5,38.4215316772,-0.3968800008,83
5,38.4230690002,-0.396690011,84
5,38.4245986938,-0.3963800073,85
5,38.4266815186,-0.3960900009,86
5,38.4269714355,-0.3959600031,87
5,38.4273109436,-0.3957099915,88
5,38.4278488159,-0.3951399922,89
6,38.4172782898,-0.397570014,1
6,38.4160385132,-0.3977800012,2
6,38.4157485962,-0.3978399932,3
6,38.4153594971,-0.3980199993,4
6,38.4148254395,-0.3986099958,5
6,38.4141387939,-0.4002099931,6
6,38.4137992859,-0.4008199871,7
6,38.4134712219,-0.4012300074,8
6,38.4131317139,-0.4015200138,9
6,38.4127807617,-0.4017400146,10
6,38.4123497009,-0.4019199908,11
6,38.4119186401,-0.4020200074,12
6,38.4105796814,-0.4024299979,13
6,38.4101524353,-0.4023840129,14
6,38.4084014893,-0.4029799998,15
6,38.4058990479,-0.4038600028,16
6,38.4051017761,-0.4041830003,17
6,38.4034004211,-0.4047650099,18
6,38.4009284973,-0.4055730104,19
6,38.3987083435,-0.4063099921,20
6,38.3969993591,-0.4066999853,21
6,38.3949012756,-0.407099992,22
6,38.3928985596,-0.4075100124,23
6,38.3906288147,-0.4079999924,24
6,38.3886795044,-0.4083999991,25
6,38.3870010376,-0.4086999893,26
6,38.3845558167,-0.4092000127,27
6,38.382019043,-0.4097000062,28
6,38.3803596497,-0.4100289941,29
6,38.3798561096,-0.410322994,30
6,38.3791160583,-0.4111999869,31
6,38.3784408569,-0.4119710028,32
6,38.3778991699,-0.4127750099,33
6,38.3775482178,-0.4139580131,34
6,38.3775672913,-0.4152050018,35
6,38.3783073425,-0.4173029959,36
6,38.3786697388,-0.4187079966,37
6,38.3785629272,-0.4201099873,38
6,38.3785514832,-0.4201000035,39
6,38.3782196045,-0.4209829867,40
6,38.3775482178,-0.4218559861,41
6,38.3768081665,-0.422939986,42
6,38.374797821,-0.4287030101,43
6,38.3721160889,-0.435939014,44
6,38.3703613281,-0.4383940101,45
6,38.3667564392,-0.4425689876,46
6,38.3628768921,-0.4470359981,47
6,38.3619728088,-0.4480949938,48
6,38.3614807129,-0.4488300085,49
6,38.3607444763,-0.449977994,50
6,38.3595619202,-0.4527029991,51
6,38.3594436646,-0.4536040127,52
6,38.3592071533,-0.4543339908,53
6,38.358215332,-0.4557720125,54
6,38.3570365906,-0.4574559927,55
6,38.3556632996,-0.4601599872,56
6,38.3555488586,-0.4605939984,57
6,38.3552207947,-0.4623480141,58
6,38.3545875549,-0.4637109935,59
6,38.3519134521,-0.4678890109,60
6,38.3515663147,-0.468396008,61
6,38.351524353,-0.4688679874,62
6,38.3517227173,-0.4693430066,63
6,38.3518829346,-0.4696600139,64
6,38.3522033691,-0.4698849916,65
6,38.3525733948,-0.4700570107,66
6,38.3528442383,-0.4701960087,67
6,38.3530197144,-0.4703890085,68
6,38.3530921936,-0.4705579877,69
6,38.35313797,-0.4708830118,70
6,38.3531761169,-0.4708890021,71
6,38.3520126343,-0.4762830138,72
6,38.3522491455,-0.4770959914,73
6,38.3522071838,-0.4802980125,74
6,38.348865509,-0.4832969904,75
6,38.3482246399,-0.4846079946,76
6,38.3478736877,-0.4855439961,77
6,38.3473854065,-0.4869369864,78
6,38.3468132019,-0.4885570109,79
6,38.3459892273,-0.4906579852,80
21,38.5480194092,-0.1248070002,1
21,38.5481033325,-0.1241850033,2
21,38.5485343933,-0.1222729981,3
21,38.5490646362,-0.1200629994,4
21,38.549446106,-0.1185000017,5
21,38.549747467,-0.1177849993,6
21,38.5499954224,-0.1173650026,7
21,38.5507049561,-0.1160980016,8
21,38.55103302,-0.1154799983,9
21,38.5512695312,-0.1150489971,10
21,38.551448822,-0.1147399992,11
21,38.5522384644,-0.1136730015,12
21,38.5529937744,-0.1126680002,13
21,38.5538024902,-0.1116110012,14
21,38.5545349121,-0.1106370017,15
21,38.5550804138,-0.1099169999,16
21,38.5557632446,-0.1090120003,17
21,38.5564651489,-0.108084999,18
21,38.5573425293,-0.1069130003,19
21,38.5580024719,-0.106050998,20
21,38.5585708618,-0.1053080037,21
21,38.5595397949,-0.1040150002,22
21,38.5604248047,-0.1029269993,23
21,38.5607223511,-0.1026310027,24
21,38.5611305237,-0.1023119986,25
21,38.5614891052,-0.102041997,26
21,38.5617485046,-0.1018249989,27
21,38.5620193481,-0.1015620008,28
21,38.5622444153,-0.1013000011,29
21,38.5624389648,-0.1010499969,30
21,38.562625885,-0.1007789969,31
21,38.5628013611,-0.100484997,32
21,38.5630073547,-0.1000989974,33
21,38.5636787415,-0.0988110006,34
21,38.5641784668,-0.0978320017,35
21,38.564617157,-0.096973002,36
21,38.5650672913,-0.0961159989,37
21,38.5654830933,-0.0953650028,38
21,38.5656890869,-0.0950839967,39
21,38.5659599304,-0.094750002,40
21,38.5662498474,-0.0944340006,41
21,38.5667304993,-0.093907997,42
21,38.5671348572,-0.0934560001,43
21,38.5676498413,-0.0928779989,44
21,38.56823349,-0.0922399983,45
21,38.5691604614,-0.0911170021,46
21,38.5695724487,-0.090535,47
21,38.5697517395,-0.0902089998,48
21,38.5699272156,-0.0898189992,49
21,38.5704078674,-0.088725999,50
21,38.570854187,-0.0876509994,51
21,38.5711097717,-0.0870810002,52
21,38.5712509155,-0.0867979974,53
21,38.5713806152,-0.0866060033,54
21,38.5715484619,-0.0863889977,55
21,38.571762085,-0.0861890018,56
21,38.5724334717,-0.0857070014,57
21,38.5728912354,-0.0853800029,58
21,38.5731773376,-0.0851320028,59
21,38.5734100342,-0.0849009976,60
21,38.5736999512,-0.084573999,61
21,38.573928833,-0.0842560008,62
21,38.5741615295,-0.0838780031,63
21,38.5744476318,-0.083329998,64
21,38.5749855042,-0.0823239982,65
21,38.5754318237,-0.0814609975,66
21,38.5758972168,-0.0805469975,67
21,38.5761871338,-0.0800120011,68
21,38.5763969421,-0.0796039999,69
21,38.5767211914,-0.0790849999,70
21,38.5771331787,-0.078538999,71
21,38.577671051,-0.0777790025,72
21,38.5782394409,-0.0769099966,73
21,38.578754425,-0.0761760026,74
21,38.5792732239,-0.0754479989,75
21,38.5799827576,-0.0744680017,76
21,38.5805778503,-0.0736870021,77
21,38.5812110901,-0.0729440004,78
21,38.5819816589,-0.0721089989,79
21,38.5822944641,-0.0717990026,80
21,38.5824394226,-0.0716350004,81
21,38.5826187134,-0.0714119971,82
21,38.582824707,-0.0711280033,83
21,38.5830421448,-0.0707940012,84
21,38.5835533142,-0.069986999,85
21,38.5843009949,-0.0687659979,86
21,38.5848999023,-0.0677969977,87
21,38.5854454041,-0.0669090003,88
21,38.585975647,-0.0660559982,89
21,38.58644104,-0.0653119981,90
21,38.5869598389,-0.064466998,91
21,38.5873756409,-0.0637359992,92
21,38.5876312256,-0.0632990003,93
21,38.5878372192,-0.0629490018,94
21,38.5880088806,-0.0626989976,95
21,38.588596344,-0.0619009994,96
21,38.5892333984,-0.0610390007,97
21,38.5894889832,-0.0606850013,98
21,38.5899276733,-0.0600979999,99
21,38.5904426575,-0.0593799986,100
21,38.5910758972,-0.0585259981,101
21,38.5913238525,-0.0581870005,102
21,38.5917701721,-0.0575550012,103
21,38.592010498,-0.057227999,104
21,38.5925674438,-0.056481,105
21,38.5931930542,-0.055695001,106
21,38.5937194824,-0.0549830012,107
21,38.5942344666,-0.0542649999,108
21,38.5945549011,-0.0538860001,109
21,38.5949897766,-0.0533589981,110
21,38.5953826904,-0.0528719984,111
21,38.5959205627,-0.0522219986,112
21,38.5969200134,-0.0509900004,113
21,38.5973587036,-0.0504800007,114
21,38.5976982117,-0.0501799993,115
21,38.5981292725,-0.0499100015,116
21,38.5988883972,-0.0493399985,117
21,38.5992889404,-0.0492019989,118
21,38.5996818542,-0.0491599999,119
21,38.600479126,-0.0491200015,120
21,38.6006813049,-0.0490700006,121
21,38.6009216309,-0.0488799997,122
21,38.6018791199,-0.0481749997,123
21,38.6020622253,-0.0480489992,124
21,38.602180481,-0.0480000004,125
21,38.6021957397,-0.0479670018,126
21,38.604511261,-0.0469999984,127
21,38.6047592163,-0.0468280017,128
21,38.6050415039,-0.0466200002,129
21,38.6073684692,-0.0444599986,130
21,38.6101112366,-0.0419999994,131
21,38.610660553,-0.0408000015,132
21,38.611076355,-0.0398310013,133
21,38.6112518311,-0.0394629985,134
21,38.6117782593,-0.0387200005,135
21,38.6119613647,-0.0384709984,136
21,38.6121749878,-0.0382370017,137
21,38.6124382019,-0.0380339995,138
21,38.6132736206,-0.0376689993,139
21,38.6136054993,-0.0375030003,140
21,38.6138534546,-0.0373149998,141
21,38.6140708923,-0.0370870009,142
21,38.6142425537,-0.0368270017,143
21,38.6148109436,-0.0357969999,144
21,38.615234375,-0.0350189991,145
21,38.6157226562,-0.034506999,146
21,38.6163063049,-0.034026999,147
21,38.6167602539,-0.0337180011,148
21,38.6171379089,-0.0335730016,149
21,38.6178359985,-0.0334950015,150
21,38.6185417175,-0.0334389992,151
21,38.6194496155,-0.0333510004,152
21,38.6198539734,-0.0332779996,153
21,38.6201553345,-0.0331760012,154
21,38.6214103699,-0.0326750018,155
21,38.6220588684,-0.0324359983,156
21,38.6227760315,-0.0321779996,157
21,38.6236114502,-0.0318650007,158
21,38.6238327026,-0.0317680016,159
21,38.6240234375,-0.0316370018,160
21,38.6242179871,-0.0314700007,161
21,38.6244010925,-0.0312179998,162
21,38.6245613098,-0.0308699999,163
21,38.6246643066,-0.0304990001,164
21,38.62474823,-0.0297299996,165
21,38.6248474121,-0.0286669992,166
21,38.6250038147,-0.0271869991,167
21,38.6251106262,-0.0267500002,168
21,38.6253852844,-0.0261349995,169
21,38.6256599426,-0.0255290009,170
21,38.6259880066,-0.0249869991,171
21,38.6262359619,-0.024735,172
21,38.6265029907,-0.0245609991,173
21,38.6270523071,-0.0243030004,174
21,38.6277732849,-0.0239470005,175
21,38.6282196045,-0.0237349998,176
21,38.6284217834,-0.0236009993,177
21,38.6286201477,-0.0234130006,178
21,38.6287841797,-0.0231740009,179
21,38.628944397,-0.0228339992,180
21,38.6290779114,-0.0223830007,181
21,38.6291618347,-0.0220749993,182
21,38.629234314,-0.0214549992,183
21,38.6293258667,-0.0206530001,184
21,38.6294288635,-0.0203120001,185
21,38.6296081543,-0.0199439991,186
21,38.6298408508,-0.0195070002,187
21,38.6300621033,-0.019111,188
21,38.630241394,-0.0188849997,189
21,38.6304588318,-0.0186490007,190
21,38.630695343,-0.018499,191
21,38.6309165955,-0.0183949992,192
21,38.6316375732,-0.0181770008,193
21,38.6320114136,-0.0180079993,194
21,38.6322059631,-0.0178689994,195
21,38.6324043274,-0.0176860001,196
21,38.6325454712,-0.0175069999,197
21,38.6326713562,-0.0173320007,198
21,38.6327896118,-0.0171119999,199
21,38.6331748962,-0.016477,200
21,38.6333427429,-0.0161550008,201
21,38.633354187,-0.0161039997,202
21,38.6334991455,-0.0159540009,203
21,38.6335639954,-0.0157869998,204
21,38.633605957,-0.0155779999,205
21,38.6336212158,-0.015315,206
21,38.6335754395,-0.0150359999,207
21,38.6335372925,-0.0147860004,208
21,38.6335144043,-0.0146049997,209
21,38.6334533691,-0.0143379997,210
21,38.6333503723,-0.0140040005,211
21,38.6332015991,-0.0135749998,212
21,38.6330451965,-0.0131209996,213
21,38.6329345703,-0.0127429999,214
21,38.6327705383,-0.0120350001,215
21,38.6326141357,-0.0114320004,216
21,38.6322212219,-0.0104449997,217
21,38.6319923401,-0.0098540001,218
21,38.6319236755,-0.0090439999,219
21,38.6319503784,-0.0086449999,220
21,38.6319732666,-0.0080730002,221
21,38.631942749,-0.007741,222
21,38.6318740845,-0.0073770001,223
21,38.6318016052,-0.0069869999,224
21,38.6317443848,-0.0066300002,225
21,38.6317405701,-0.0063769999,226
21,38.6317710876,-0.0060899998,227
21,38.631816864,-0.0058579999,228
21,38.631942749,-0.0052120001,229
21,38.631980896,-0.004985,230
21,38.6319770813,-0.0046859998,231
21,38.6319351196,-0.004102,232
21,38.6319351196,-0.0038050001,233
21,38.6319770813,-0.0035260001,234
21,38.6321678162,-0.002818,235
21,38.6322517395,-0.002391,236
21,38.6324195862,-0.0015360001,237
21,38.6325111389,-0.001118,238
21,38.6326751709,-0.000716,239
21,38.6328392029,-0.000428,240
21,38.6330451965,-0.000174,241
21,38.633266449,2.3E-5,242
21,38.6337738037,0.000366,243
21,38.6340904236,0.000598,244
21,38.6342315674,0.000742,245
21,38.6344413757,0.0010939999,246
21,38.6345252991,0.001305,247
21,38.6345558167,0.001439,248
21,38.634601593,0.001636,249
21,38.6346282959,0.001945,250
21,38.6346740723,0.0025520001,251
21,38.6347312927,0.003237,252
21,38.634803772,0.0038620001,253
21,38.6348495483,0.0040660002,254
21,38.6349906921,0.0044069998,255
21,38.6351165771,0.0045929998,256
21,38.6352157593,0.0047089998,257
21,38.6353149414,0.004832,258
21,38.6354293823,0.0049299998,259
21,38.6355705261,0.0050400002,260
21,38.6357536316,0.0051190001,261
21,38.6361923218,0.005194,262
21,38.6368370056,0.0052669998,263
21,38.6370506287,0.0052729999,264
21,38.6372489929,0.005351,265
21,38.6374206543,0.0054310001,266
21,38.6375846863,0.0055249999,267
21,38.6377296448,0.0056170002,268
21,38.6380119324,0.0058309999,269
21,38.6381149292,0.0059839999,270
21,38.6381530762,0.0060939998,271
21,38.6383056641,0.0065469998,272
21,38.6383972168,0.0068529998,273
21,38.6386184692,0.0075480002,274
21,38.6387710571,0.0079150004,275
21,38.6388778687,0.0081059998,276
21,38.6394004822,0.0087919999,277
21,38.6396102905,0.0091110002,278
21,38.6397132874,0.0093339998,279
21,38.6398277283,0.0096749999,280
21,38.6399002075,0.0100689996,281
21,38.6399230957,0.0108089997,282
21,38.6399383545,0.0113159996,283
21,38.6399154663,0.0116010001,284
21,38.6398658752,0.0118770003,285
21,38.639793396,0.0121529996,286
21,38.6396942139,0.0124239996,287
21,38.6395797729,0.0127349999,288
21,38.6394996643,0.0130860005,289
21,38.6393280029,0.013607,290
21,38.6392440796,0.0139849996,291
21,38.6392097473,0.0145570002,292
21,38.6392745972,0.0150739998,293
21,38.6393890381,0.0156289991,294
21,38.6395301819,0.0163129997,295
21,38.6395492554,0.0166159999,296
21,38.6394996643,0.0182339996,297
21,38.6395072937,0.0187330004,298
21,38.6395683289,0.0189980008,299
21,38.6396522522,0.019328,300
21,38.6398925781,0.0201270003,301
21,38.640045166,0.0206240006,302
21,38.6401863098,0.0210900009,303
21,38.6403923035,0.0217739996,304
21,38.6406440735,0.0224469993,305
21,38.6408424377,0.0228359997,306
21,38.6410598755,0.0231819991,307
21,38.6413383484,0.0235469993,308
21,38.6419563293,0.0243890006,309
21,38.6422576904,0.0247649997,310
21,38.642616272,0.02513,311
21,38.6429252625,0.0254350007,312
21,38.6430702209,0.025618,313
21,38.643196106,0.025843,314
21,38.6433601379,0.0261330009,315
21,38.6435317993,0.0264730006,316
21,38.6439437866,0.0272669997,317
21,38.6443405151,0.0280179996,318
21,38.6448097229,0.0289730001,319
21,38.6451721191,0.0295340009,320
21,38.6455955505,0.0300060008,321
21,38.6465110779,0.0308699999,322
21,38.646686554,0.0310730003,323
21,38.6468238831,0.031268999,324
21,38.646938324,0.0315000005,325
21,38.6472969055,0.0321439989,326
21,38.6475372314,0.0324760005,327
21,38.6478500366,0.0327900015,328
21,38.6481208801,0.0329560004,329
21,38.6483840942,0.0330640003,330
21,38.6486816406,0.0331070013,331
21,38.6488571167,0.0331230015,332
21,38.6491508484,0.0330800004,333
21,38.6499214172,0.0329779983,334
21,38.6525344849,0.0325740017,335
21,38.6557846069,0.0323770009,336
21,38.6560974121,0.0323479995,337
21,38.6563453674,0.0323750004,338
21,38.6565475464,0.0324280001,339
21,38.6567955017,0.032579001,340
21,38.6573257446,0.032988999,341
21,38.657585144,0.0331869982,342
21,38.6578102112,0.0332950018,343
21,38.6580352783,0.0333559997,344
21,38.6585159302,0.0333079994,345
21,38.6586647034,0.0332380012,346
21,38.6588172913,0.0331499986,347
21,38.6589584351,0.0330410004,348
21,38.659778595,0.032430999,349
21,38.6600189209,0.0323290005,350
21,38.660533905,0.0322140008,351
21,38.6608810425,0.0321249999,352
21,38.6610984802,0.0320260003,353
21,38.6612358093,0.0319270007,354
21,38.6613769531,0.0318000019,355
21,38.6614990234,0.0316420011,356
21,38.6616325378,0.0314490013,357
21,38.6621284485,0.0306230001,358
21,38.6623153687,0.0303930007,359
21,38.6625022888,0.0302019995,360
21,38.6627502441,0.0300629996,361
21,38.6629562378,0.0299929995,362
21,38.6632156372,0.0299660005,363
21,38.6635856628,0.0299880002,364
21,38.664440155,0.0300980005,365
21,38.6648292542,0.0301029999,366
21,38.6651077271,0.0300220009,367
21,38.6653747559,0.0298640002,368
21,38.6655311584,0.0297190007,369
21,38.6657028198,0.0295320004,370
21,38.6659622192,0.0291750003,371
21,38.6668014526,0.0280910004,372
21,38.667224884,0.0275570005,373
21,38.6674232483,0.0273480006,374
21,38.6676559448,0.0271850005,375
21,38.6679992676,0.0270210002,376
21,38.6683883667,0.0269380007,377
21,38.668674469,0.026935,378
21,38.6690444946,0.0269939993,379
21,38.6696090698,0.0271119997,380
21,38.6698150635,0.0271470007,381
21,38.6700325012,0.0272059999,382
21,38.6704139709,0.0272909999,383
21,38.6708221436,0.0274199992,384
21,38.6714477539,0.0276239999,385
21,38.6716690063,0.0277340002,386
21,38.6718025208,0.0278229993,387
21,38.671962738,0.0279750004,388
21,38.6721229553,0.0281930007,389
21,38.6722297668,0.0283540003,390
21,38.6723213196,0.0285999998,391
21,38.6723976135,0.0288149994,392
21,38.6724510193,0.0290910006,393
21,38.6724815369,0.0294080004,394
21,38.6724777222,0.029778,395
21,38.6725196838,0.0302879997,396
21,38.6725883484,0.0307170004,397
21,38.6726913452,0.0310040005,398
21,38.6728591919,0.031293001,399
21,38.6730461121,0.031521,400
21,38.6732711792,0.0316799991,401
21,38.6735229492,0.0318000019,402
21,38.6736869812,0.0318470001,403
21,38.673866272,0.0318650007,404
21,38.6741523743,0.0318429992,405
21,38.6743431091,0.0317599997,406
21,38.674659729,0.0315750018,407
21,38.6750679016,0.0313230008,408
21,38.67552948,0.0310490001,409
21,38.6759490967,0.030878,410
21,38.6763420105,0.0307919998,411
21,38.6766662598,0.0308560003,412
21,38.6768875122,0.0309580006,413
21,38.677066803,0.0311060008,414
21,38.6772117615,0.0312799998,415
21,38.6773414612,0.0314540006,416
21,38.6774749756,0.0317329988,417
21,38.6775588989,0.0320149995,418
21,38.6775970459,0.032306999,419
21,38.6776008606,0.0323260017,420
21,38.6775665283,0.0328739993,421
21,38.6775131226,0.0331120007,422
21,38.6772880554,0.0339539982,423
21,38.6771850586,0.034364,424
21,38.6769561768,0.035236001,425
21,38.6766433716,0.0363389999,426
21,38.6762046814,0.0380799994,427
21,38.6761398315,0.038307,428
21,38.6761054993,0.0386000015,429
21,38.6761474609,0.0389910005,430
21,38.6762504578,0.0393429995,431
21,38.6764030457,0.0396649987,432
21,38.6765823364,0.0398899987,433
21,38.6767845154,0.0400880016,434
21,38.6770820618,0.0402470008,435
21,38.6774291992,0.0403379984,436
21,38.6798591614,0.0404159985,437
21,38.6802978516,0.040426001,438
21,38.6805496216,0.0404639989,439
21,38.6808128357,0.0405119993,440
21,38.6810302734,0.0406030007,441
21,38.68126297,0.0407110006,442
21,38.68151474,0.0408720002,443
21,38.6827545166,0.0415849984,444
21,38.6830863953,0.0417300016,445
21,38.683303833,0.0417999998,446
21,38.6835784912,0.0418419987,447
21,38.6846313477,0.0419769995,448
21,38.6849136353,0.0420459993,449
21,38.6852531433,0.0422069989,450
21,38.6855506897,0.0424269997,451
21,38.6858100891,0.0427220017,452
21,38.6860618591,0.0432530008,453
21,38.686214447,0.0436449982,454
21,38.6867713928,0.0451090001,455
21,38.6871795654,0.0458550006,456
21,38.6873435974,0.0461129993,457
21,38.6880340576,0.0469649993,458
21,38.6883621216,0.047309,459
21,38.6885948181,0.0476410016,460
21,38.6890602112,0.0480060019,461
21,38.6892433167,0.0481190011,462
21,38.6895103455,0.0481889993,463
21,38.6897888184,0.0481400006,464
21,38.6903495789,0.048032999,465
21,38.6905899048,0.0478449985,466
21,38.6908378601,0.0476199985,467
21,38.6911239624,0.0473250002,468
21,38.6915054321,0.046941001,469
21,38.6917686462,0.0467670001,470
21,38.6919975281,0.0466729999,471
21,38.6922073364,0.0466490015,472
21,38.6925163269,0.0466569997,473
21,38.6927871704,0.0467349999,474
21,38.6930923462,0.0469009988,475
21,38.6932907104,0.0470490009,476
21,38.6934394836,0.0472230017,477
21,38.6935768127,0.0474320017,478
21,38.69373703,0.0476250015,479
21,38.6938171387,0.0478769988,480
21,38.6939086914,0.0481889993,481
21,38.6940536499,0.0486229993,482
21,38.6948165894,0.050650999,483
21,38.6955451965,0.0526520014,484
21,38.6955986023,0.0529009998,485
21,38.6956138611,0.0531640016,486
21,38.695602417,0.0534429997,487
21,38.69556427,0.0536950007,488
21,38.6955451965,0.0538990013,489
21,38.6955032349,0.0541910008,490
21,38.6952857971,0.0558819994,491
21,38.6952438354,0.0561939999,492
21,38.6952323914,0.0564769991,493
21,38.6952629089,0.0567959994,494
21,38.6953201294,0.0570480004,495
21,38.6954269409,0.0573039986,496
21,38.695514679,0.0574739985,497
21,38.6955947876,0.0575949997,498
21,38.6961479187,0.0583020002,499
21,38.6969413757,0.0592899993,500
21,38.6970939636,0.0594380014,501
21,38.697303772,0.0595799983,502
21,38.6975135803,0.0597029999,503
21,38.6983680725,0.0601750016,504
21,38.6984863281,0.0602609999,505
21,38.6986541748,0.0604170002,506
21,38.6988296509,0.0605879985,507
21,38.6993255615,0.061133001,508
21,38.6996841431,0.0615409985,509
21,38.6998062134,0.0617199987,510
21,38.6999015808,0.0618730001,511
21,38.7005310059,0.0631659999,512
21,38.7007446289,0.0634690002,513
21,38.7009010315,0.0636269972,514
21,38.7010421753,0.0637269989,515
21,38.7012519836,0.0638070032,516
21,38.7014427185,0.0638689995,517
21,38.701587677,0.0638900027,518
21,38.7023582458,0.0639730021,519
21,38.7025680542,0.0640159994,520
21,38.7027206421,0.0640780032,521
21,38.7028617859,0.064176999,522
21,38.7029876709,0.0642760023,523
21,38.7031478882,0.0644449964,524
21,38.7032852173,0.0646570027,525
21,38.7033996582,0.0648690015,526
21,38.7034797668,0.0650969967,527
21,38.7035446167,0.0653730035,528
21,38.7035713196,0.0657169968,529
21,38.7036323547,0.0671679974,530
21,38.7036819458,0.067396,531
21,38.7037620544,0.0676800013,532
21,38.7038612366,0.0678760037,533
21,38.7039871216,0.0680800006,534
21,38.704120636,0.0682490021,535
21,38.7042427063,0.0683370009,536
21,38.7049102783,0.0688180029,537
21,38.7052307129,0.0690990016,538
21,38.7053756714,0.0692550018,539
21,38.7055091858,0.0694670007,540
21,38.7056350708,0.069705002,541
21,38.7057418823,0.0699729994,542
21,38.7058448792,0.0703170002,543
21,38.7060813904,0.0711300001,544
21,38.7062225342,0.0714699998,545
21,38.7063560486,0.0716949999,546
21,38.7065429688,0.0719180033,547
21,38.7067260742,0.0720579997,548
21,38.7069511414,0.0721589997,549
21,38.7071609497,0.072201997,550
21,38.708190918,0.0724409968,551
21,38.7084159851,0.0725189969,552
21,38.7085914612,0.0726180002,553
21,38.708770752,0.0727329999,554
21,38.7092247009,0.0731170028,555
21,38.7094650269,0.0732830018,556
21,38.7098655701,0.0734310001,557
21,38.711025238,0.0739139989,558
21,38.7121200562,0.0743400007,559
21,38.7124557495,0.0744979978,560
21,38.7126541138,0.0746000037,561
21,38.7128219604,0.0747210011,562
21,38.7130126953,0.074887,563
21,38.7131385803,0.0750079975,564
21,38.7141990662,0.0758960024,565
21,38.7150688171,0.0766090006,566
21,38.7185668945,0.0793289989,567
21,38.7196044922,0.0804129988,568
21,38.720500946,0.0810239986,569
21,38.7230033875,0.0825370029,570
21,38.7234725952,0.0829339996,571
21,38.7238311768,0.0834290013,572
21,38.7243499756,0.0841030031,573
21,38.7247848511,0.0848729983,574
21,38.7250099182,0.0855199993,575
21,38.7260818481,0.0884179994,576
21,38.7272834778,0.092678003,577
21,38.7277069092,0.0942019969,578
21,38.7277488708,0.0949300006,579
21,38.7278060913,0.0957230031,580
21,38.727897644,0.0967739969,581
21,38.7281341553,0.0971930027,582
21,38.7284584045,0.0975169986,583
21,38.7292900085,0.0980290025,584
21,38.7298431396,0.0983700007,585
21,38.7301979065,0.0985400006,586
21,38.730430603,0.0986599997,587
21,38.7307128906,0.0987330005,588
21,38.7309761047,0.0987399966,589
21,38.7332191467,0.098683998,590
21,38.7347564697,0.0986329988,591
21,38.735080719,0.0985860005,592
21,38.7353782654,0.0984669998,593
21,38.7355651855,0.0983569995,594
21,38.7361412048,0.0979669988,595
21,38.737537384,0.0970209986,596
21,38.7387619019,0.0962029994,597
21,38.7395401001,0.0956849977,598
21,38.7399253845,0.0955070034,599
21,38.7401847839,0.0954419971,600
21,38.7404441833,0.0954380035,601
21,38.7406654358,0.0954840034,602
21,38.741733551,0.0957669988,603
21,38.7419166565,0.0959099978,604
21,38.7422103882,0.0960419998,605
21,38.7423820496,0.0962179974,606
21,38.7425003052,0.0963879973,607
21,38.7425994873,0.0965619981,608
21,38.7426795959,0.0967999995,609
21,38.7432174683,0.0981959999,610
21,38.7434463501,0.098488003,611
21,38.7436485291,0.0986569971,612
21,38.7438850403,0.0987640023,613
21,38.7442092896,0.0988370031,614
21,38.7445526123,0.0988529995,615
21,38.7449951172,0.0988690034,616
21,38.7453536987,0.0989869982,617
21,38.7456054688,0.0991420001,618
21,38.7458610535,0.0993840024,619
21,38.7460670471,0.0996439978,620
21,38.7462654114,0.099973999,621
21,38.7464065552,0.1003089994,622
21,38.7464828491,0.1006119996,623
21,38.7465362549,0.1009910032,624
21,38.7465629578,0.1023209989,625
21,38.7466125488,0.1028219983,626
21,38.7466964722,0.1034229994,627
21,38.746761322,0.1037129983,628
21,38.7468986511,0.1048500016,629
21,38.7469978333,0.1052149981,630
21,38.7472076416,0.1054729968,631
21,38.7474479675,0.1056820005,632
21,38.7485351562,0.1064570025,633
21,38.748714447,0.1065609977,634
21,38.7489204407,0.1066199988,635
21,38.7491531372,0.1066259965,636
21,38.7493476868,0.1065829992,637
21,38.751537323,0.106103003,638
21,38.7519187927,0.1060189977,639
21,38.7521629333,0.1059420034,640
21,38.7523651123,0.1056900024,641
21,38.7525482178,0.1054380015,642
21,38.752696991,0.1050029993,643
21,38.7528038025,0.1044880003,644
21,38.7528305054,0.1036970019,645
21,38.7529830933,0.1028729975,646
21,38.7532157898,0.1024340019,647
21,38.7537345886,0.1021760032,648
21,38.753993988,0.1021009982,649
21,38.7542877197,0.1020800024,650
21,38.7545928955,0.1021870002,651
21,38.7596664429,0.1048529968,652
21,38.7599868774,0.1049759984,653
21,38.7603187561,0.1049870029,654
21,38.7606315613,0.1049010009,655
21,38.7608566284,0.1047400013,656
21,38.7609672546,0.1046440005,657
21,38.7615814209,0.104079999,658
21,38.761756897,0.1039519981,659
21,38.76197052,0.1038770005,660
21,38.7632255554,0.1036579981,661
21,38.7634048462,0.1036000028,662
21,38.7636184692,0.1034850031,663
21,38.7638587952,0.1032700017,664
21,38.7639961243,0.1031029969,665
21,38.7641029358,0.1029229984,666
21,38.7642211914,0.1026479974,667
21,38.7643165588,0.1023029983,668
21,38.7643585205,0.1020020023,669
21,38.7644844055,0.1012490019,670
21,38.7645721436,0.1009970009,671
21,38.7648048401,0.1006179973,672
21,38.766456604,0.0989900008,673
21,38.766620636,0.0987680033,674
21,38.7667427063,0.0985990018,675
21,38.7669525146,0.0981419981,676
21,38.7670478821,0.0977530032,677
21,38.7671012878,0.097450003,678
21,38.7676239014,0.0955749974,679
21,38.767742157,0.0953579992,680
21,38.7678985596,0.0951569974,681
21,38.7692871094,0.0937749967,682
21,38.7695922852,0.0936039984,683
21,38.7709007263,0.0931079984,684
21,38.7711791992,0.092978999,685
21,38.7714080811,0.0927909985,686
21,38.7716064453,0.0925339982,687
21,38.771736145,0.0922729969,688
21,38.7718238831,0.0919839963,689
21,38.7719688416,0.0914309993,690
21,38.7723388672,0.0902590007,691
21,38.7724494934,0.0900439993,692
21,38.7728614807,0.0894519985,693
21,38.7730255127,0.0892959982,694
21,38.7740478516,0.0884220004,695
21,38.774433136,0.088068001,696
21,38.7753448486,0.0872839987,697
21,38.7760505676,0.0867059976,698
22,38.7760505676,0.0867059976,1
22,38.7753448486,0.0872839987,2
22,38.774433136,0.088068001,3
22,38.7740478516,0.0884220004,4
22,38.7730255127,0.0892959982,5
22,38.7728614807,0.0894519985,6
22,38.7724494934,0.0900439993,7
22,38.7723388672,0.0902590007,8
22,38.7719688416,0.0914309993,9
22,38.7718238831,0.0919839963,10
22,38.771736145,0.0922729969,11
22,38.7716064453,0.0925339982,12
22,38.7714080811,0.0927909985,13
22,38.7711791992,0.092978999,14
22,38.7709007263,0.0931079984,15
22,38.7695922852,0.0936039984,16
22,38.7692871094,0.0937749967,17
22,38.7678985596,0.0951569974,18
22,38.767742157,0.0953579992,19
22,38.7676239014,0.0955749974,20
22,38.7671012878,0.097450003,21
22,38.7670478821,0.0977530032,22
22,38.7669525146,0.0981419981,23
22,38.7667427063,0.0985990018,24
22,38.766620636,0.0987680033,25
22,38.766456604,0.0989900008,26
22,38.7648048401,0.1006179973,27
22,38.7645721436,0.1009970009,28
22,38.7644844055,0.1012490019,29
22,38.7643585205,0.1020020023,30
22,38.7643165588,0.1023029983,31
22,38.7642211914,0.1026479974,32
22,38.7641029358,0.1029229984,33
22,38.7639961243,0.1031029969,34
22,38.7638587952,0.1032700017,35
22,38.7636184692,0.1034850031,36
22,38.7634048462,0.1036000028,37
22,38.7632255554,0.1036579981,38
22,38.76197052,0.1038770005,39
22,38.761756897,0.1039519981,40
22,38.7615814209,0.104079999,41
22,38.7609672546,0.1046440005,42
22,38.7608566284,0.1047400013,43
22,38.7606315613,0.1049010009,44
22,38.7603187561,0.1049870029,45
22,38.7599868774,0.1049759984,46
22,38.7596664429,0.1048529968,47
22,38.7545928955,0.1021870002,48
22,38.7542877197,0.1020800024,49
22,38.753993988,0.1021009982,50
22,38.7537345886,0.1021760032,51
22,38.7532157898,0.1024340019,52
22,38.7529830933,0.1028729975,53
22,38.7528305054,0.1036970019,54
22,38.7528038025,0.1044880003,55
22,38.752696991,0.1050029993,56
22,38.7525482178,0.1054380015,57
22,38.7523651123,0.1056900024,58
22,38.7521629333,0.1059420034,59
22,38.7519187927,0.1060189977,60
22,38.751537323,0.106103003,61
22,38.7493476868,0.1065829992,62
22,38.7491531372,0.1066259965,63
22,38.7489204407,0.1066199988,64
22,38.748714447,0.1065609977,65
22,38.7485351562,0.1064570025,66
22,38.7474479675,0.1056820005,67
22,38.7472076416,0.1054729968,68
22,38.7469978333,0.1052149981,69
22,38.7468986511,0.1048500016,70
22,38.746761322,0.1037129983,71
22,38.7466964722,0.1034229994,72
22,38.7466125488,0.1028219983,73
22,38.7465629578,0.1023209989,74
22,38.7465362549,0.1009910032,75
22,38.7464828491,0.1006119996,76
22,38.7464065552,0.1003089994,77
22,38.7462654114,0.099973999,78
22,38.7460670471,0.0996439978,79
22,38.7458610535,0.0993840024,80
22,38.7456054688,0.0991420001,81
22,38.7453536987,0.0989869982,82
22,38.7449951172,0.0988690034,83
22,38.7445526123,0.0988529995,84
22,38.7442092896,0.0988370031,85
22,38.7438850403,0.0987640023,86
22,38.7436485291,0.0986569971,87
22,38.7434463501,0.098488003,88
22,38.7432174683,0.0981959999,89
22,38.7426795959,0.0967999995,90
22,38.7425994873,0.0965619981,91
22,38.7425003052,0.0963879973,92
22,38.7423820496,0.0962179974,93
22,38.7422103882,0.0960419998,94
22,38.7419166565,0.0959099978,95
22,38.741733551,0.0957669988,96
22,38.7406654358,0.0954840034,97
22,38.7404441833,0.0954380035,98
22,38.7401847839,0.0954419971,99
22,38.7399253845,0.0955070034,100
22,38.7395401001,0.0956849977,101
22,38.7387619019,0.0962029994,102
22,38.737537384,0.0970209986,103
22,38.7361412048,0.0979669988,104
22,38.7355651855,0.0983569995,105
22,38.7353782654,0.0984669998,106
22,38.735080719,0.0985860005,107
22,38.7347564697,0.0986329988,108
22,38.7332191467,0.098683998,109
22,38.7309761047,0.0987399966,110
22,38.7307128906,0.0987330005,111
22,38.730430603,0.0986599997,112
22,38.7301979065,0.0985400006,113
22,38.7298431396,0.0983700007,114
22,38.7292900085,0.0980290025,115
22,38.7284584045,0.0975169986,116
22,38.7281341553,0.0971930027,117
22,38.727897644,0.0967739969,118
22,38.7278060913,0.0957230031,119
22,38.7277488708,0.0949300006,120
22,38.7277069092,0.0942019969,121
22,38.7272834778,0.092678003,122
22,38.7260818481,0.0884179994,123
22,38.7250099182,0.0855199993,124
22,38.7247848511,0.0848729983,125
22,38.7243499756,0.0841030031,126
22,38.7238311768,0.0834290013,127
22,38.7234725952,0.0829339996,128
22,38.7230033875,0.0825370029,129
22,38.720500946,0.0810239986,130
22,38.7196044922,0.0804129988,131
22,38.7185668945,0.0793289989,132
22,38.7150688171,0.0766090006,133
22,38.7141990662,0.0758960024,134
22,38.7131385803,0.0750079975,135
22,38.7130126953,0.074887,136
22,38.7128219604,0.0747210011,137
22,38.7126541138,0.0746000037,138
22,38.7124557495,0.0744979978,139
22,38.7121200562,0.0743400007,140
22,38.711025238,0.0739139989,141
22,38.7098655701,0.0734310001,142
22,38.7094650269,0.0732830018,143
22,38.7092247009,0.0731170028,144
22,38.708770752,0.0727329999,145
22,38.7085914612,0.0726180002,146
22,38.7084159851,0.0725189969,147
22,38.708190918,0.0724409968,148
22,38.7071609497,0.072201997,149
22,38.7069511414,0.0721589997,150
22,38.7067260742,0.0720579997,151
22,38.7065429688,0.0719180033,152
22,38.7063560486,0.0716949999,153
22,38.7062225342,0.0714699998,154
22,38.7060813904,0.0711300001,155
22,38.7058448792,0.0703170002,156
22,38.7057418823,0.0699729994,157
22,38.7056350708,0.069705002,158
22,38.7055091858,0.0694670007,159
22,38.7053756714,0.0692550018,160
22,38.7052307129,0.0690990016,161
22,38.7049102783,0.0688180029,162
22,38.7042427063,0.0683370009,163
22,38.704120636,0.0682490021,164
22,38.7039871216,0.0680800006,165
22,38.7038612366,0.0678760037,166
22,38.7037620544,0.0676800013,167
22,38.7036819458,0.067396,168
22,38.7036323547,0.0671679974,169
22,38.7035713196,0.0657169968,170
22,38.7035446167,0.0653730035,171
22,38.7034797668,0.0650969967,172
22,38.7033996582,0.0648690015,173
22,38.7032852173,0.0646570027,174
22,38.7031478882,0.0644449964,175
22,38.7029876709,0.0642760023,176
22,38.7028617859,0.064176999,177
22,38.7027206421,0.0640780032,178
22,38.7025680542,0.0640159994,179
22,38.7023582458,0.0639730021,180
22,38.701587677,0.0638900027,181
22,38.7014427185,0.0638689995,182
22,38.7012519836,0.0638070032,183
22,38.7010421753,0.0637269989,184
22,38.7009010315,0.0636269972,185
22,38.7007446289,0.0634690002,186
22,38.7005310059,0.0631659999,187
22,38.6999015808,0.0618730001,188
22,38.6998062134,0.0617199987,189
22,38.6996841431,0.0615409985,190
22,38.6993255615,0.061133001,191
22,38.6988296509,0.0605879985,192
22,38.6986541748,0.0604170002,193
22,38.6984863281,0.0602609999,194
22,38.6983680725,0.0601750016,195
22,38.6975135803,0.0597029999,196
22,38.697303772,0.0595799983,197
22,38.6970939636,0.0594380014,198
22,38.6969413757,0.0592899993,199
22,38.6961479187,0.0583020002,200
22,38.6955947876,0.0575949997,201
22,38.695514679,0.0574739985,202
22,38.6954269409,0.0573039986,203
22,38.6953201294,0.0570480004,204
22,38.6952629089,0.0567959994,205
22,38.6952323914,0.0564769991,206
22,38.6952438354,0.0561939999,207
22,38.6952857971,0.0558819994,208
22,38.6955032349,0.0541910008,209
22,38.6955451965,0.0538990013,210
22,38.69556427,0.0536950007,211
22,38.695602417,0.0534429997,212
22,38.6956138611,0.0531640016,213
22,38.6955986023,0.0529009998,214
22,38.6955451965,0.0526520014,215
22,38.6948165894,0.050650999,216
22,38.6940536499,0.0486229993,217
22,38.6939086914,0.0481889993,218
22,38.6938171387,0.0478769988,219
22,38.69373703,0.0476250015,220
22,38.6935768127,0.0474320017,221
22,38.6934394836,0.0472230017,222
22,38.6932907104,0.0470490009,223
22,38.6930923462,0.0469009988,224
22,38.6927871704,0.0467349999,225
22,38.6925163269,0.0466569997,226
22,38.6922073364,0.0466490015,227
22,38.6919975281,0.0466729999,228
22,38.6917686462,0.0467670001,229
22,38.6915054321,0.046941001,230
22,38.6911239624,0.0473250002,231
22,38.6908378601,0.0476199985,232
22,38.6905899048,0.0478449985,233
22,38.6903495789,0.048032999,234
22,38.6897888184,0.0481400006,235
22,38.6895103455,0.0481889993,236
22,38.6892433167,0.0481190011,237
22,38.6890602112,0.0480060019,238
22,38.6885948181,0.0476410016,239
22,38.6883621216,0.047309,240
22,38.6880340576,0.0469649993,241
22,38.6873435974,0.0461129993,242
22,38.6871795654,0.0458550006,243
22,38.6867713928,0.0451090001,244
22,38.686214447,0.0436449982,245
22,38.6860618591,0.0432530008,246
22,38.6858100891,0.0427220017,247
22,38.6855506897,0.0424269997,248
22,38.6852531433,0.0422069989,249
22,38.6849136353,0.0420459993,250
22,38.6846313477,0.0419769995,251
22,38.6835784912,0.0418419987,252
22,38.683303833,0.0417999998,253
22,38.6830863953,0.0417300016,254
22,38.6827545166,0.0415849984,255
22,38.68151474,0.0408720002,256
22,38.68126297,0.0407110006,257
22,38.6810302734,0.0406030007,258
22,38.6808128357,0.0405119993,259
22,38.6805496216,0.0404639989,260
22,38.6802978516,0.040426001,261
22,38.6798591614,0.0404159985,262
22,38.6774291992,0.0403379984,263
22,38.6770820618,0.0402470008,264
22,38.6767845154,0.0400880016,265
22,38.6765823364,0.0398899987,266
22,38.6764030457,0.0396649987,267
22,38.6762504578,0.0393429995,268
22,38.6761474609,0.0389910005,269
22,38.6761054993,0.0386000015,270
22,38.6761398315,0.038307,271
22,38.6762046814,0.0380799994,272
22,38.6766433716,0.0363389999,273
22,38.6769561768,0.035236001,274
22,38.6771850586,0.034364,275
22,38.6772880554,0.0339539982,276
22,38.6775131226,0.0331120007,277
22,38.6775665283,0.0328739993,278
22,38.6776008606,0.0323260017,279
22,38.6775970459,0.032306999,280
22,38.6775588989,0.0320149995,281
22,38.6774749756,0.0317329988,282
22,38.6773414612,0.0314540006,283
22,38.6772117615,0.0312799998,284
22,38.677066803,0.0311060008,285
22,38.6768875122,0.0309580006,286
22,38.6766662598,0.0308560003,287
22,38.6763420105,0.0307919998,288
22,38.6759490967,0.030878,289
22,38.67552948,0.0310490001,290
22,38.6750679016,0.0313230008,291
22,38.674659729,0.0315750018,292
22,38.6743431091,0.0317599997,293
22,38.6741523743,0.0318429992,294
22,38.673866272,0.0318650007,295
22,38.6736869812,0.0318470001,296
22,38.6735229492,0.0318000019,297
22,38.6732711792,0.0316799991,298
22,38.6730461121,0.031521,299
22,38.6728591919,0.031293001,300
22,38.6726913452,0.0310040005,301
22,38.6725883484,0.0307170004,302
22,38.6725196838,0.0302879997,303
22,38.6724777222,0.029778,304
22,38.6724815369,0.0294080004,305
22,38.6724510193,0.0290910006,306
22,38.6723976135,0.0288149994,307
22,38.6723213196,0.0285999998,308
22,38.6722297668,0.0283540003,309
22,38.6721229553,0.0281930007,310
22,38.671962738,0.0279750004,311
22,38.6718025208,0.0278229993,312
22,38.6716690063,0.0277340002,313
22,38.6714477539,0.0276239999,314
22,38.6708221436,0.0274199992,315
22,38.6704139709,0.0272909999,316
22,38.6700325012,0.0272059999,317
22,38.6698150635,0.0271470007,318
22,38.6696090698,0.0271119997,319
22,38.6690444946,0.0269939993,320
22,38.668674469,0.026935,321
22,38.6683883667,0.0269380007,322
22,38.6679992676,0.0270210002,323
22,38.6676559448,0.0271850005,324
22,38.6674232483,0.0273480006,325
22,38.667224884,0.0275570005,326
22,38.6668014526,0.0280910004,327
22,38.6659622192,0.0291750003,328
22,38.6657028198,0.0295320004,329
22,38.6655311584,0.0297190007,330
22,38.6653747559,0.0298640002,331
22,38.6651077271,0.0300220009,332
22,38.6648292542,0.0301029999,333
22,38.664440155,0.0300980005,334
22,38.6635856628,0.0299880002,335
22,38.6632156372,0.0299660005,336
22,38.6629562378,0.0299929995,337
22,38.6627502441,0.0300629996,338
22,38.6625022888,0.0302019995,339
22,38.6623153687,0.0303930007,340
22,38.6621284485,0.0306230001,341
22,38.6616325378,0.0314490013,342
22,38.6614990234,0.0316420011,343
22,38.6613769531,0.0318000019,344
22,38.6612358093,0.0319270007,345
22,38.6610984802,0.0320260003,346
22,38.6608810425,0.0321249999,347
22,38.660533905,0.0322140008,348
22,38.6600189209,0.0323290005,349
22,38.659778595,0.032430999,350
22,38.6589584351,0.0330410004,351
22,38.6588172913,0.0331499986,352
22,38.6586647034,0.0332380012,353
22,38.6585159302,0.0333079994,354
22,38.6580352783,0.0333559997,355
22,38.6578102112,0.0332950018,356
22,38.657585144,0.0331869982,357
22,38.6573257446,0.032988999,358
22,38.6567955017,0.032579001,359
22,38.6565475464,0.0324280001,360
22,38.6563453674,0.0323750004,361
22,38.6560974121,0.0323479995,362
22,38.6557846069,0.0323770009,363
22,38.6525344849,0.0325740017,364
22,38.6499214172,0.0329779983,365
22,38.6491508484,0.0330800004,366
22,38.6488571167,0.0331230015,367
22,38.6486816406,0.0331070013,368
22,38.6483840942,0.0330640003,369
22,38.6481208801,0.0329560004,370
22,38.6478500366,0.0327900015,371
22,38.6475372314,0.0324760005,372
22,38.6472969055,0.0321439989,373
22,38.646938324,0.0315000005,374
22,38.6468238831,0.031268999,375
22,38.646686554,0.0310730003,376
22,38.6465110779,0.0308699999,377
22,38.6455955505,0.0300060008,378
22,38.6451721191,0.0295340009,379
22,38.6448097229,0.0289730001,380
22,38.6443405151,0.0280179996,381
22,38.6439437866,0.0272669997,382
22,38.6435317993,0.0264730006,383
22,38.6433601379,0.0261330009,384
22,38.643196106,0.025843,385
22,38.6430702209,0.025618,386
22,38.6429252625,0.0254350007,387
22,38.642616272,0.02513,388
22,38.6422576904,0.0247649997,389
22,38.6419563293,0.0243890006,390
22,38.6413383484,0.0235469993,391
22,38.6410598755,0.0231819991,392
22,38.6408424377,0.0228359997,393
22,38.6406440735,0.0224469993,394
22,38.6403923035,0.0217739996,395
22,38.6401863098,0.0210900009,396
22,38.640045166,0.0206240006,397
22,38.6398925781,0.0201270003,398
22,38.6396522522,0.019328,399
22,38.6395683289,0.0189980008,400
22,38.6395072937,0.0187330004,401
22,38.6394996643,0.0182339996,402
22,38.6395492554,0.0166159999,403
22,38.6395301819,0.0163129997,404
22,38.6393890381,0.0156289991,405
22,38.6392745972,0.0150739998,406
22,38.6392097473,0.0145570002,407
22,38.6392440796,0.0139849996,408
22,38.6393280029,0.013607,409
22,38.6394996643,0.0130860005,410
22,38.6395797729,0.0127349999,411
22,38.6396942139,0.0124239996,412
22,38.639793396,0.0121529996,413
22,38.6398658752,0.0118770003,414
22,38.6399154663,0.0116010001,415
22,38.6399383545,0.0113159996,416
22,38.6399230957,0.0108089997,417
22,38.6399002075,0.0100689996,418
22,38.6398277283,0.0096749999,419
22,38.6397132874,0.0093339998,420
22,38.6396102905,0.0091110002,421
22,38.6394004822,0.0087919999,422
22,38.6388778687,0.0081059998,423
22,38.6387710571,0.0079150004,424
22,38.6386184692,0.0075480002,425
22,38.6383972168,0.0068529998,426
22,38.6383056641,0.0065469998,427
22,38.6381530762,0.0060939998,428
22,38.6381149292,0.0059839999,429
22,38.6380119324,0.0058309999,430
22,38.6377296448,0.0056170002,431
22,38.6375846863,0.0055249999,432
22,38.6374206543,0.0054310001,433
22,38.6372489929,0.005351,434
22,38.6370506287,0.0052729999,435
22,38.6368370056,0.0052669998,436
22,38.6361923218,0.005194,437
22,38.6357536316,0.0051190001,438
22,38.6355705261,0.0050400002,439
22,38.6354293823,0.0049299998,440
22,38.6353149414,0.004832,441
22,38.6352157593,0.0047089998,442
22,38.6351165771,0.0045929998,443
22,38.6349906921,0.0044069998,444
22,38.6348495483,0.0040660002,445
22,38.634803772,0.0038620001,446
22,38.6347312927,0.003237,447
22,38.6346740723,0.0025520001,448
22,38.6346282959,0.001945,449
22,38.634601593,0.001636,450
22,38.6345558167,0.001439,451
22,38.6345252991,0.001305,452
22,38.6344413757,0.0010939999,453
22,38.6342315674,0.000742,454
22,38.6340904236,0.000598,455
22,38.6337738037,0.000366,456
22,38.633266449,2.3E-5,457
22,38.6330451965,-0.000174,458
22,38.6328392029,-0.000428,459
22,38.6326751709,-0.000716,460
22,38.6325111389,-0.001118,461
22,38.6324195862,-0.0015360001,462
22,38.6322517395,-0.002391,463
22,38.6321678162,-0.002818,464
22,38.6319770813,-0.0035260001,465
22,38.6319351196,-0.0038050001,466
22,38.6319351196,-0.004102,467
22,38.6319770813,-0.0046859998,468
22,38.631980896,-0.004985,469
22,38.631942749,-0.0052120001,470
22,38.631816864,-0.0058579999,471
22,38.6317710876,-0.0060899998,472
22,38.6317405701,-0.0063769999,473
22,38.6317443848,-0.0066300002,474
22,38.6318016052,-0.0069869999,475
22,38.6318740845,-0.0073770001,476
22,38.631942749,-0.007741,477
22,38.6319732666,-0.0080730002,478
22,38.6319503784,-0.0086449999,479
22,38.6319236755,-0.0090439999,480
22,38.6319923401,-0.0098540001,481
22,38.6322212219,-0.0104449997,482
22,38.6326141357,-0.0114320004,483
22,38.6327705383,-0.0120350001,484
22,38.6329345703,-0.0127429999,485
22,38.6330451965,-0.0131209996,486
22,38.6332015991,-0.0135749998,487
22,38.6333503723,-0.0140040005,488
22,38.6334533691,-0.0143379997,489
22,38.6335144043,-0.0146049997,490
22,38.6335372925,-0.0147860004,491
22,38.6335754395,-0.0150359999,492
22,38.6336212158,-0.015315,493
22,38.633605957,-0.0155779999,494
22,38.6335639954,-0.0157869998,495
22,38.6334991455,-0.0159540009,496
22,38.633354187,-0.0161039997,497
22,38.6333427429,-0.0161550008,498
22,38.6331748962,-0.016477,499
22,38.6327896118,-0.0171119999,500
22,38.6326713562,-0.0173320007,501
22,38.6325454712,-0.0175069999,502
22,38.6324043274,-0.0176860001,503
22,38.6322059631,-0.0178689994,504
22,38.6320114136,-0.0180079993,505
22,38.6316375732,-0.0181770008,506
22,38.6309165955,-0.0183949992,507
22,38.630695343,-0.018499,508
22,38.6304588318,-0.0186490007,509
22,38.630241394,-0.0188849997,510
22,38.6300621033,-0.019111,511
22,38.6298408508,-0.0195070002,512
22,38.6296081543,-0.0199439991,513
22,38.6294288635,-0.0203120001,514
22,38.6293258667,-0.0206530001,515
22,38.629234314,-0.0214549992,516
22,38.6291618347,-0.0220749993,517
22,38.6290779114,-0.0223830007,518
22,38.628944397,-0.0228339992,519
22,38.6287841797,-0.0231740009,520
22,38.6286201477,-0.0234130006,521
22,38.6284217834,-0.0236009993,522
22,38.6282196045,-0.0237349998,523
22,38.6277732849,-0.0239470005,524
22,38.6270523071,-0.0243030004,525
22,38.6265029907,-0.0245609991,526
22,38.6262359619,-0.024735,527
22,38.6259880066,-0.0249869991,528
22,38.6256599426,-0.0255290009,529
22,38.6253852844,-0.0261349995,530
22,38.6251106262,-0.0267500002,531
22,38.6250038147,-0.0271869991,532
22,38.6248474121,-0.0286669992,533
22,38.62474823,-0.0297299996,534
22,38.6246643066,-0.0304990001,535
22,38.6245613098,-0.0308699999,536
22,38.6244010925,-0.0312179998,537
22,38.6242179871,-0.0314700007,538
22,38.6240234375,-0.0316370018,539
22,38.6238327026,-0.0317680016,540
22,38.6236114502,-0.0318650007,541
22,38.6227760315,-0.0321779996,542
22,38.6220588684,-0.0324359983,543
22,38.6214103699,-0.0326750018,544
22,38.6201553345,-0.0331760012,545
22,38.6198539734,-0.0332779996,546
22,38.6194496155,-0.0333510004,547
22,38.6185417175,-0.0334389992,548
22,38.6178359985,-0.0334950015,549
22,38.6171379089,-0.0335730016,550
22,38.6167602539,-0.0337180011,551
22,38.6163063049,-0.034026999,552
22,38.6157226562,-0.034506999,553
22,38.615234375,-0.0350189991,554
22,38.6148109436,-0.0357969999,555
22,38.6142425537,-0.0368270017,556
22,38.6140708923,-0.0370870009,557
22,38.6138534546,-0.0373149998,558
22,38.6136054993,-0.0375030003,559
22,38.6132736206,-0.0376689993,560
22,38.6124382019,-0.0380339995,561
22,38.6121749878,-0.0382370017,562
22,38.6119613647,-0.0384709984,563
22,38.6117782593,-0.0387200005,564
22,38.6112518311,-0.0394629985,565
22,38.611076355,-0.0398310013,566
22,38.610660553,-0.0408000015,567
22,38.6101112366,-0.0419999994,568
22,38.6073684692,-0.0444599986,569
22,38.6050415039,-0.0466200002,570
22,38.6047592163,-0.0468280017,571
22,38.604511261,-0.0469999984,572
22,38.6021957397,-0.0479670018,573
22,38.602180481,-0.0480000004,574
22,38.6020622253,-0.0480489992,575
22,38.6018791199,-0.0481749997,576
22,38.6009216309,-0.0488799997,577
22,38.6006813049,-0.0490700006,578
22,38.600479126,-0.0491200015,579
22,38.5996818542,-0.0491599999,580
22,38.5992889404,-0.0492019989,581
22,38.5988883972,-0.0493399985,582
22,38.5981292725,-0.0499100015,583
22,38.5976982117,-0.0501799993,584
22,38.5973587036,-0.0504800007,585
22,38.5969200134,-0.0509900004,586
22,38.5959205627,-0.0522219986,587
22,38.5953826904,-0.0528719984,588
22,38.5949897766,-0.0533589981,589
22,38.5945549011,-0.0538860001,590
22,38.5942344666,-0.0542649999,591
22,38.5937194824,-0.0549830012,592
22,38.5931930542,-0.055695001,593
22,38.5925674438,-0.056481,594
22,38.592010498,-0.057227999,595
22,38.5917701721,-0.0575550012,596
22,38.5913238525,-0.0581870005,597
22,38.5910758972,-0.0585259981,598
22,38.5904426575,-0.0593799986,599
22,38.5899276733,-0.0600979999,600
22,38.5894889832,-0.0606850013,601
22,38.5892333984,-0.0610390007,602
22,38.588596344,-0.0619009994,603
22,38.5880088806,-0.0626989976,604
22,38.5878372192,-0.0629490018,605
22,38.5876312256,-0.0632990003,606
22,38.5873756409,-0.0637359992,607
22,38.5869598389,-0.064466998,608
22,38.58644104,-0.0653119981,609
22,38.585975647,-0.0660559982,610
22,38.5854454041,-0.0669090003,611
22,38.5848999023,-0.0677969977,612
22,38.5843009949,-0.0687659979,613
22,38.5835533142,-0.069986999,614
22,38.5830421448,-0.0707940012,615
22,38.582824707,-0.0711280033,616
22,38.5826187134,-0.0714119971,617
22,38.5824394226,-0.0716350004,618
22,38.5822944641,-0.0717990026,619
22,38.5819816589,-0.0721089989,620
22,38.5812110901,-0.0729440004,621
22,38.5805778503,-0.0736870021,622
22,38.5799827576,-0.0744680017,623
22,38.5792732239,-0.0754479989,624
22,38.578754425,-0.0761760026,625
22,38.5782394409,-0.0769099966,626
22,38.577671051,-0.0777790025,627
22,38.5771331787,-0.078538999,628
22,38.5767211914,-0.0790849999,629
22,38.5763969421,-0.0796039999,630
22,38.5761871338,-0.0800120011,631
22,38.5758972168,-0.0805469975,632
22,38.5754318237,-0.0814609975,633
22,38.5749855042,-0.0823239982,634
22,38.5744476318,-0.083329998,635
22,38.5741615295,-0.0838780031,636
22,38.573928833,-0.0842560008,637
22,38.5736999512,-0.084573999,638
22,38.5734100342,-0.0849009976,639
22,38.5731773376,-0.0851320028,640
22,38.5728912354,-0.0853800029,641
22,38.5724334717,-0.0857070014,642
22,38.571762085,-0.0861890018,643
22,38.5715484619,-0.0863889977,644
22,38.5713806152,-0.0866060033,645
22,38.5712509155,-0.0867979974,646
22,38.5711097717,-0.0870810002,647
22,38.570854187,-0.0876509994,648
22,38.5704078674,-0.088725999,649
22,38.5699272156,-0.0898189992,650
22,38.5697517395,-0.0902089998,651
22,38.5695724487,-0.090535,652
22,38.5691604614,-0.0911170021,653
22,38.56823349,-0.0922399983,654
22,38.5676498413,-0.0928779989,655
22,38.5671348572,-0.0934560001,656
22,38.5667304993,-0.093907997,657
22,38.5662498474,-0.0944340006,658
22,38.5659599304,-0.094750002,659
22,38.5656890869,-0.0950839967,660
22,38.5654830933,-0.0953650028,661
22,38.5650672913,-0.0961159989,662
22,38.564617157,-0.096973002,663
22,38.5641784668,-0.0978320017,664
22,38.5636787415,-0.0988110006,665
22,38.5630073547,-0.1000989974,666
22,38.5628013611,-0.100484997,667
22,38.562625885,-0.1007789969,668
22,38.5624389648,-0.1010499969,669
22,38.5622444153,-0.1013000011,670
22,38.5620193481,-0.1015620008,671
22,38.5617485046,-0.1018249989,672
22,38.5614891052,-0.102041997,673
22,38.5611305237,-0.1023119986,674
22,38.5607223511,-0.1026310027,675
22,38.5604248047,-0.1029269993,676
22,38.5595397949,-0.1040150002,677
22,38.5585708618,-0.1053080037,678
22,38.5580024719,-0.106050998,679
22,38.5573425293,-0.1069130003,680
22,38.5564651489,-0.108084999,681
22,38.5557632446,-0.1090120003,682
22,38.5550804138,-0.1099169999,683
22,38.5545349121,-0.1106370017,684
22,38.5538024902,-0.1116110012,685
22,38.5529937744,-0.1126680002,686
22,38.5522384644,-0.1136730015,687
22,38.551448822,-0.1147399992,688
22,38.5512695312,-0.1150489971,689
22,38.55103302,-0.1154799983,690
22,38.5507049561,-0.1160980016,691
22,38.5499954224,-0.1173650026,692
22,38.549747467,-0.1177849993,693
22,38.549446106,-0.1185000017,694
22,38.5490646362,-0.1200629994,695
22,38.5485343933,-0.1222729981,696
22,38.5481033325,-0.1241850033,697
22,38.5480194092,-0.1248070002,698
23,38.3459892273,-0.4906579852,1
23,38.3468132019,-0.4885570109,2
23,38.3473854065,-0.4869369864,3
23,38.3478736877,-0.4855439961,4
23,38.3482246399,-0.4846079946,5
23,38.348865509,-0.4832969904,6
23,38.3522071838,-0.4802980125,7
23,38.3522491455,-0.4770959914,8
23,38.3520126343,-0.4762830138,9
23,38.3528251648,-0.4725140035,10
23,38.3529510498,-0.4716899991,11
23,38.3531761169,-0.4708890021,12
23,38.3532867432,-0.4705229998,13
23,38.3533210754,-0.4704599977,14
23,38.3535003662,-0.4702599943,15
23,38.353805542,-0.4700619876,16
23,38.3539009094,-0.4699400067,17
23,38.3544998169,-0.4692499936,18
23,38.3549194336,-0.4686920047,19
23,38.3554191589,-0.4682250023,20
23,38.3557739258,-0.468095988,21
23,38.3560752869,-0.4680759907,22
23,38.3564491272,-0.4681620002,23
23,38.3566894531,-0.4683940113,24
23,38.3572349548,-0.4686070085,25
23,38.3575401306,-0.4689399898,26
23,38.3578262329,-0.4692629874,27
23,38.3580932617,-0.4696199894,28
23,38.3583526611,-0.4699299932,29
23,38.3586578369,-0.4702650011,30
23,38.3591995239,-0.4708589911,31
23,38.3595199585,-0.4711999893,32
23,38.3597068787,-0.4715270102,33
23,38.3600349426,-0.4722700119,34
23,38.3604202271,-0.4699999988,35
23,38.3610076904,-0.474673003,36
23,38.361530304,-0.4760999978,37
23,38.362033844,-0.4775800109,38
23,38.362411499,-0.478309989,39
23,38.3630104065,-0.4799459875,40
23,38.3636131287,-0.4813790023,41
23,38.3640365601,-0.4818669856,42
23,38.3641357422,-0.4821290076,43
23,38.364074707,-0.4832530022,44
23,38.3643455505,-0.4839000106,45
23,38.3645858765,-0.4845939875,46
23,38.3648681641,-0.4848009944,47
23,38.365688324,-0.4849109948,48
23,38.3671875,-0.4854770005,49
23,38.3683204651,-0.4858480096,50
23,38.3687400818,-0.4860379994,51
23,38.3704795837,-0.4863969982,52
23,38.3719177246,-0.4867269993,53
23,38.3738708496,-0.4871000051,54
23,38.3751831055,-0.4873569906,55
23,38.3764381409,-0.4875659943,56
23,38.3767166138,-0.4877989888,57
23,38.3767929077,-0.4880889952,58
23,38.3768043518,-0.4883039892,59
23,38.3766403198,-0.4896180034,60
23,38.3765830994,-0.4906069934,61
23,38.3763504028,-0.4924399853,62
23,38.3762054443,-0.4938670099,63
23,38.3760375977,-0.4951950014,64
23,38.3759460449,-0.4963909984,65
23,38.3758277893,-0.4978109896,66
23,38.3756942749,-0.4986059964,67
23,38.375743866,-0.4988960028,68
23,38.375919342,-0.4991289973,69
23,38.3773231506,-0.4996440113,70
23,38.3779792786,-0.4998910129,71
23,38.378578186,-0.5003150105,72
23,38.3789672852,-0.5007439852,73
23,38.379863739,-0.5018730164,74
23,38.3801345825,-0.5022490025,75
23,38.3807029724,-0.503369987,76
23,38.3808937073,-0.503543973,77
23,38.3812217712,-0.5037940145,78
23,38.3818206787,-0.5043839812,79
23,38.3826179504,-0.5055050254,80
23,38.3837089539,-0.5068889856,81
23,38.3846740723,-0.5080389977,82
23,38.3856277466,-0.509205997,83
23,38.3871459961,-0.51098001,84
23,38.3881378174,-0.5122990012,85
23,38.3894004822,-0.513864994,86
23,38.3902587891,-0.5148980021,87
23,38.3905563354,-0.515083015,88
23,38.390712738,-0.5152549744,89
23,38.390838623,-0.5153759718,90
23,38.3911933899,-0.5158500075,91
23,38.3917121887,-0.5165500045,92
23,38.3921203613,-0.5169450045,93
24,38.3921203613,-0.5169450045,1
24,38.3917121887,-0.5165500045,2
24,38.3911933899,-0.5158500075,3
24,38.390838623,-0.5153759718,4
24,38.390712738,-0.5152549744,5
24,38.3905563354,-0.515083015,6
24,38.3902587891,-0.5148980021,7
24,38.3894004822,-0.513864994,8
24,38.3881378174,-0.5122990012,9
24,38.3871459961,-0.51098001,10
24,38.3856277466,-0.509205997,11
24,38.3846740723,-0.5080389977,12
24,38.3837089539,-0.5068889856,13
24,38.3826179504,-0.5055050254,14
24,38.3818206787,-0.5043839812,15
24,38.3812217712,-0.5037940145,16
24,38.3808937073,-0.503543973,17
24,38.3807029724,-0.503369987,18
24,38.3801345825,-0.5022490025,19
24,38.379863739,-0.5018730164,20
24,38.3789672852,-0.5007439852,21
24,38.378578186,-0.5003150105,22
24,38.3779792786,-0.4998910129,23
24,38.3773231506,-0.4996440113,24
24,38.375919342,-0.4991289973,25
24,38.375743866,-0.4988960028,26
24,38.3756942749,-0.4986059964,27
24,38.3758277893,-0.4978109896,28
24,38.3759460449,-0.4963909984,29
24,38.3760375977,-0.4951950014,30
24,38.3762054443,-0.4938670099,31
24,38.3763504028,-0.4924399853,32
24,38.3765830994,-0.4906069934,33
24,38.3766403198,-0.4896180034,34
24,38.3768043518,-0.4883039892,35
24,38.3767929077,-0.4880889952,36
24,38.3767166138,-0.4877989888,37
24,38.3764381409,-0.4875659943,38
24,38.3751831055,-0.4873569906,39
24,38.3738708496,-0.4871000051,40
24,38.3719177246,-0.4867269993,41
24,38.3704795837,-0.4863969982,42
24,38.3687400818,-0.4860379994,43
24,38.3683204651,-0.4858480096,44
24,38.3671875,-0.4854770005,45
24,38.365688324,-0.4849109948,46
24,38.3648681641,-0.4848009944,47
24,38.3645858765,-0.4845939875,48
24,38.3643455505,-0.4839000106,49
24,38.364074707,-0.4832530022,50
24,38.3641357422,-0.4821290076,51
24,38.3640365601,-0.4818669856,52
24,38.3636131287,-0.4813790023,53
24,38.3630104065,-0.4799459875,54
24,38.362411499,-0.478309989,55
24,38.362033844,-0.4775800109,56
24,38.361530304,-0.4760999978,57
24,38.3610076904,-0.474673003,58
24,38.3604202271,-0.4699999988,59
24,38.3600349426,-0.4722700119,60
24,38.3597068787,-0.4715270102,61
24,38.3595199585,-0.4711999893,62
24,38.3591995239,-0.4708589911,63
24,38.3586578369,-0.4702650011,64
24,38.3583526611,-0.4699299932,65
24,38.3580932617,-0.4696199894,66
24,38.3578262329,-0.4692629874,67
24,38.3575401306,-0.4689399898,68
24,38.3572349548,-0.4686070085,69
24,38.3566894531,-0.4683940113,70
24,38.3564491272,-0.4681620002,71
24,38.3560752869,-0.4680759907,72
24,38.3557739258,-0.468095988,73
24,38.3554191589,-0.4682250023,74
24,38.3549194336,-0.4686920047,75
24,38.3544998169,-0.4692499936,76
24,38.3539009094,-0.4699400067,77
24,38.353805542,-0.4700619876,78
24,38.3535003662,-0.4702599943,79
24,38.3533210754,-0.4704599977,80
24,38.3532867432,-0.4705229998,81
24,38.3531761169,-0.4708890021,82
24,38.3529510498,-0.4716899991,83
24,38.3528251648,-0.4725140035,84
24,38.3520126343,-0.4762830138,85
24,38.3522491455,-0.4770959914,86
24,38.3522071838,-0.4802980125,87
24,38.348865509,-0.4832969904,88
24,38.3482246399,-0.4846079946,89
24,38.3478736877,-0.4855439961,90
24,38.3473854065,-0.4869369864,91
24,38.3468132019,-0.4885570109,92
24,38.3459892273,-0.4906579852,93
25,38.375415802,-0.4132139981,1
25,38.3767318726,-0.4151000082,2
25,38.3770484924,-0.416200012,3
25,38.3771514893,-0.4174000025,4
25,38.3768005371,-0.419178009,5
25,38.3765983582,-0.4199000001,6
25,38.3761291504,-0.4201999903,7
25,38.3763618469,-0.4201999903,8
25,38.3725166321,-0.4199999869,9
25,38.3681678772,-0.4198279977,10
25,38.3634109497,-0.4196000099,11
25,38.3628311157,-0.4192999899,12
25,38.3625488281,-0.4194999933,13
25,38.3623886108,-0.4198000133,14
25,38.3623428345,-0.4203999937,15
25,38.3622055054,-0.425146997,16
25,38.3621788025,-0.4297440052,17
25,38.3624839783,-0.4305399954,18
25,38.3647079468,-0.4322749972,19
25,38.3689002991,-0.4353600144,20
25,38.3699989319,-0.4361700118,21
25,38.3701400757,-0.4361500144,22
25,38.3704986572,-0.4359700084,23
25,38.3707618713,-0.4359900057,24
25,38.3710289001,-0.4361599982,25
25,38.3712310791,-0.4365000129,26
25,38.3712615967,-0.4370400012,27
25,38.3709487915,-0.4377000034,28
25,38.3705596924,-0.4382199943,29
25,38.3703613281,-0.4383940101,30
25,38.3667564392,-0.4425689876,31
27,38.3459892273,-0.4906579852,1
27,38.3468132019,-0.4885570109,2
27,38.3473854065,-0.4869369864,3
27,38.3478736877,-0.4855439961,4
27,38.3482246399,-0.4846079946,5
27,38.348865509,-0.4832969904,6
27,38.3522071838,-0.4802980125,7
27,38.3522491455,-0.4770959914,8
27,38.3520126343,-0.4762830138,9
27,38.3531761169,-0.4708890021,10
27,38.35313797,-0.4708830118,11
27,38.3530921936,-0.4705579877,12
27,38.3530197144,-0.4703890085,13
27,38.3528442383,-0.4701960087,14
27,38.3525733948,-0.4700570107,15
27,38.3522033691,-0.4698849916,16
27,38.3518829346,-0.4696600139,17
27,38.3517227173,-0.4693430066,18
27,38.351524353,-0.4688679874,19
27,38.3515663147,-0.468396008,20
27,38.3519134521,-0.4678890109,21
27,38.3545875549,-0.4637109935,22
27,38.3552207947,-0.4623480141,23
27,38.3555488586,-0.4605939984,24
27,38.3556632996,-0.4601599872,25
27,38.3570365906,-0.4574559927,26
27,38.358215332,-0.4557720125,27
27,38.3592071533,-0.4543339908,28
27,38.3594436646,-0.4536040127,29
27,38.3595619202,-0.4527029991,30
27,38.3607444763,-0.449977994,31
27,38.3614807129,-0.4488300085,32
27,38.3619728088,-0.4480949938,33
27,38.3628768921,-0.4470359981,34
27,38.3667564392,-0.4425689876,35
27,38.3696289062,-0.4392499924,36
27,38.3697967529,-0.4390110075,37
27,38.3699111938,-0.4388099909,38
27,38.3703613281,-0.4383940101,39
27,38.3702201843,-0.4375970066,40
27,38.3698272705,-0.436661005,41
27,38.3689002991,-0.4353600144,42
27,38.3647079468,-0.4322749972,43
27,38.3624839783,-0.4305399954,44
27,38.3621788025,-0.4297440052,45
27,38.3622055054,-0.425146997,46
27,38.3623428345,-0.4203999937,47
27,38.3625717163,-0.4147810042,48
27,38.3625907898,-0.4125599861,49
27,38.3627204895,-0.4121899903,50
27,38.3628807068,-0.4120000005,51
27,38.3632087708,-0.4117999971,52
27,38.3653488159,-0.4118750095,53
27,38.370174408,-0.4120030105,54
27,38.3743782043,-0.4120900035,55
27,38.3747406006,-0.4123319983,56
27,38.375415802,-0.4132139981,57
27,38.3767318726,-0.4151000082,59
27,38.3770484924,-0.416200012,60
27,38.3771514893,-0.4174000025,61
27,38.3768005371,-0.419178009,62
27,38.3765983582,-0.4199000001,63
27,38.3761291504,-0.4201999903,64
27,38.3763618469,-0.4201999903,65
27,38.3725166321,-0.4199999869,66
27,38.3681678772,-0.4198279977,67
27,38.3623428345,-0.4203999937,68
28,38.345085144,-0.4788149893,1
28,38.3488922119,-0.4731850028,2
28,38.3519134521,-0.4678890109,3
28,38.3628768921,-0.4470359981,4
28,38.3667564392,-0.4425689876,5
28,38.3696289062,-0.4392499924,6
28,38.3697967529,-0.4390110075,7
28,38.3699111938,-0.4388099909,8
28,38.3703613281,-0.4383940101,9
28,38.3702201843,-0.4375970066,10
28,38.3698272705,-0.436661005,11
28,38.3689002991,-0.4353600144,12
28,38.3647079468,-0.4322749972,13
28,38.3624839783,-0.4305399954,14
28,38.3621788025,-0.4297440052,15
28,38.3622055054,-0.425146997,16
28,38.3623428345,-0.4203999937,17
28,38.3625717163,-0.4147810042,18
28,38.3625907898,-0.4125599861,19
28,38.3627204895,-0.4121899903,20
28,38.3628807068,-0.4120000005,21
28,38.3632087708,-0.4117999971,22
29,38.3632087708,-0.4117999971,1
29,38.3628807068,-0.4120000005,2
29,38.3627204895,-0.4121899903,3
29,38.3625907898,-0.4125599861,4
29,38.3625717163,-0.4147810042,5
29,38.3623428345,-0.4203999937,6
29,38.3622055054,-0.425146997,7
29,38.3621788025,-0.4297440052,8
29,38.3624839783,-0.4305399954,9
29,38.3647079468,-0.4322749972,10
29,38.3689002991,-0.4353600144,11
29,38.3698272705,-0.436661005,12
29,38.3702201843,-0.4375970066,13
29,38.3703613281,-0.4383940101,14
29,38.3699111938,-0.4388099909,15
29,38.3697967529,-0.4390110075,16
29,38.3696289062,-0.4392499924,17
29,38.3667564392,-0.4425689876,18
29,38.3628768921,-0.4470359981,19
29,38.3519134521,-0.4678890109,20
29,38.3488922119,-0.4731850028,21
29,38.345085144,-0.4788149893,22
