service_id,monday,tuesday,wednesday,thursday,friday,saturday,sunday,start_date,end_date
L101-1_261325,1,1,1,1,1,1,1,20251101,20260401
L101-2_261326,1,1,1,1,1,1,1,20251101,20260401
L101-3_261327,1,1,1,1,1,1,0,20251101,20260401
L101-3_261328,0,0,0,0,0,0,1,20251101,20260401
L101-4_261329,1,1,1,1,1,1,1,20251101,20260401
L102-1_261336,1,1,1,1,1,1,0,20251101,20260401
L102-1_261337,0,0,0,0,0,0,1,20251101,20260401
L102-2_261339,1,1,1,1,1,1,0,20251101,20260401
L102-2_261338,0,0,0,0,0,0,1,20251101,20260401
L102-3_261340,1,1,1,1,1,1,0,20251101,20260401
L102-3_261341,0,0,0,0,0,0,1,20251101,20260401
L103-1_261546,1,1,1,1,1,1,0,20251201,20260401
L103-1_261547,0,0,0,0,0,0,1,20251201,20260501
L103-2_261550,1,1,1,1,1,1,0,20251201,20260401
L103-2_261551,0,0,0,0,0,0,1,20251201,20260401
L103-3_261552,1,1,1,1,1,1,0,20251201,20260401
L103-3_261553,0,0,0,0,0,0,1,20251201,20260401
L103-5_261548,1,1,1,1,1,1,0,20251201,20260401
L103-5_261549,0,0,0,0,0,0,1,20251201,20260401
L104-1_261554,1,1,1,1,1,1,1,20251201,20260401
L104-2_261555,1,1,1,1,1,1,1,20251201,20260401
L105-8_261556,1,1,1,1,1,1,1,20251201,20260401
L106-1_261345,1,1,1,1,1,1,0,20251101,20260401
L106-1_261355,0,0,0,0,0,0,1,20251101,20260401
L106-2_261346,1,1,1,1,1,1,0,20251101,20260401
L106-2_261356,0,0,0,0,0,0,1,20251101,20260401
L106-3_261347,1,1,1,1,1,1,1,20251101,20260401
L106-5_261348,1,1,1,1,1,1,0,20251101,20260401
L106-5_261361,0,0,0,0,0,0,1,20251101,20260401
L106-7_261349,1,1,1,1,1,1,0,20251101,20260401
L107-1_261570,1,1,1,1,1,1,0,20251126,20260401
L107-1_261365,0,0,0,0,0,0,1,20251101,20260401
L107-2_261367,1,1,1,1,1,1,0,20251101,20260401
L107-2_261366,0,0,0,0,0,0,1,20251101,20260401
L107-5_261369,1,1,1,1,1,1,0,20251101,20260401
L108-1_261557,1,1,1,1,1,1,1,20251201,20260401
L108-2_261675,1,1,1,1,1,1,1,20260113,20260401
L108-3_261559,1,1,1,1,1,1,1,20251201,20260401
L121-1_261330,1,1,1,1,1,1,0,20251101,20260401
L121-1_261331,0,0,0,0,0,0,1,20251101,20260401
L121-2_261332,1,1,1,1,1,1,1,20251101,20260401
L121-5_261333,1,1,1,1,1,1,1,20251101,20260401
L122-1_261401,1,1,1,1,1,1,1,20251101,20260401
L123-1_261409,1,1,1,1,1,1,1,20251101,20260401
L123-2_261578,1,1,1,1,1,1,1,20251211,20260401
L201-1_261164,1,1,1,1,1,0,0,20251101,20351031
L201-1_261165,0,0,0,0,0,1,1,20251101,20351031
L201-2_261166,1,1,1,1,1,1,1,20251101,20351031
L201-3_261167,1,1,1,1,1,1,1,20251101,20351031
L201-4_261168,1,1,1,1,1,1,1,20251101,20351031
L202-2_228964,1,1,1,1,1,0,0,20241101,20300930
L202-2_228965,0,0,0,0,0,1,1,20241101,20300930
L202-5_228966,1,1,1,1,1,0,0,20241101,20300930
L202-6_228967,1,1,1,1,1,0,0,20241101,20300930
L202-8_228968,1,1,1,1,1,0,0,20241101,20300930
L202-9_228969,0,0,0,0,0,1,1,20241101,20300930
L202-10_228958,1,1,1,1,1,0,0,20241101,20300930
L202-10_228959,0,0,0,0,0,1,1,20241101,20300930
L202-12_228960,0,0,0,0,0,1,1,20241101,20300930
L202-13_228961,1,1,1,1,1,0,0,20241101,20300930
L202-13_228962,0,0,0,0,0,1,1,20241101,20300930
L202-14_228963,1,1,1,1,1,0,0,20241101,20300930
L203-2_261478,0,0,0,0,0,1,1,20251105,20260401
L203-4_261169,1,1,1,1,1,0,0,20251101,20260401
L203-5_261170,1,1,1,1,1,0,0,20251101,20260401
L203-6_261171,1,1,1,1,1,0,0,20251101,20260401
L203-9_261573,0,0,0,0,0,1,1,20251202,20260401
L203-10_261177,1,1,1,1,1,0,0,20251101,20260401
L203-10_261178,0,0,0,0,0,1,1,20251101,20260401
L204-1_261205,1,1,1,1,1,1,0,20251101,20260401
L204-1_261206,0,0,0,0,0,0,1,20251101,20260401
L204-2_261207,1,1,1,1,1,1,0,20251101,20260401
L204-2_261208,0,0,0,0,0,0,1,20251101,20260401
L205-1_261179,1,1,1,1,1,0,0,20251101,20351031
L205-2_261180,1,1,1,1,1,0,0,20251101,20351031
L205-2_261181,0,0,0,0,0,1,1,20251101,20351031
L205-3_261182,1,1,1,1,1,0,0,20251101,20351031
L205-4_261183,1,1,1,1,1,0,0,20251101,20351031
L205-5_261489,1,1,1,1,1,0,0,20251108,20351031
L205-5_261185,0,0,0,0,0,1,1,20251101,20351031
L205-6_261186,1,1,1,1,1,0,0,20251101,20351031
L205-7_261187,1,1,1,1,1,0,0,20251101,20351031
L232-1_261560,1,1,1,1,1,0,0,20251201,20260401
L232-1_261561,0,0,0,0,0,1,0,20251201,20260401
L232-1_261562,0,0,0,0,0,0,1,20251201,20260401
L232-2_261563,1,1,1,1,1,0,0,20251201,20260401
L232-2_261564,0,0,0,0,0,1,0,20251201,20260401
L232-2_261565,0,0,0,0,0,0,1,20251201,20260401
L301-1_261237,1,1,1,1,1,0,0,20251101,20260401
L301-3_261487,1,1,1,1,1,0,0,20251108,20260401
L301-3_261488,0,0,0,0,0,1,1,20251108,20260401
L301-4_261485,1,1,1,1,1,0,0,20251106,20260401
L301-4_261486,0,0,0,0,0,1,1,20251106,20260401
L301-7_261242,1,1,1,1,1,1,1,20251101,20260401
L301-8_261243,1,1,1,1,1,1,1,20251101,20260401
L302-23_261566,1,1,1,1,1,1,1,20251201,20260401
L302-24_261567,1,1,1,1,1,1,1,20251201,20260401
L302-25_261568,1,1,1,1,1,1,1,20251201,20260401
L302-26_261569,1,1,1,1,1,1,1,20251201,20260401
L303-1_261194,1,1,1,1,1,0,0,20251101,20351031
L303-2_261195,1,1,1,1,1,0,0,20251101,20351031
L303-2_261196,0,0,0,0,0,1,1,20251101,20351031
L303-3_261197,1,1,1,1,1,0,0,20251101,20351031
L303-3_261198,0,0,0,0,0,1,1,20251101,20351031
L303-4_261199,1,1,1,1,1,0,0,20251101,20351031
L303-4_261200,0,0,0,0,0,1,1,20251101,20351031
L303-7_261201,1,1,1,1,1,0,0,20251101,20351031
L303-7_261202,0,0,0,0,0,1,1,20251101,20351031
L304-1_260913,1,1,1,1,1,0,0,20250924,20300930
L304-1_218289,0,0,0,0,0,1,1,20240502,20301031
L304-2_260914,1,1,1,1,1,0,0,20250924,20300930
L304-2_218291,0,0,0,0,0,1,1,20240502,20301031
L304-3_218292,1,1,1,1,1,0,0,20240502,20301031
L304-5_218294,1,1,1,1,1,0,0,20240502,20301031
L311-2_228854,1,1,1,1,1,0,0,20241001,20341231
L311-2_207727,0,0,0,0,0,1,1,20240301,20300228
L312-1_228851,1,1,1,1,1,0,0,20241001,20351231
L312-1_218300,0,0,0,0,0,1,1,20240502,20301231
L312-2_260934,1,1,1,1,1,0,0,20250926,20300930
L312-2_207860,0,0,0,0,0,1,1,20240306,20300331
L312-5_260935,1,1,1,1,1,0,0,20250926,20300930
L312-5_207861,0,0,0,0,0,1,1,20240306,20300331
L312-6_260911,1,1,1,1,1,0,0,20250924,20300930
L312-6_207863,0,0,0,0,0,1,1,20240306,20300331
L312-7_260912,1,1,1,1,1,0,0,20250924,20300930
L312-7_207865,0,0,0,0,0,1,1,20240306,20300331
L313-1_261581,1,1,1,1,1,0,0,20251218,20351130
L313-1_228760,0,0,0,0,0,1,1,20240903,20300228
L314-1_207795,1,1,1,1,1,0,0,20240301,20300228
L314-1_207749,0,0,0,0,0,1,1,20240301,20300228
L314-2_207750,1,1,1,1,1,0,0,20240301,20300228
L314-3_207751,1,1,1,1,1,0,0,20240301,20300228
L314-4_207752,1,1,1,1,1,0,0,20240301,20300228
L314-5_207753,1,1,1,1,1,0,0,20240301,20300228
L314-6_207754,1,1,1,1,1,0,0,20240301,20300228
L316-5_261502,1,1,1,1,1,0,0,20251117,20260401
L316-1_261500,1,1,1,1,1,0,0,20251117,20260401
L316-1_261210,0,0,0,0,0,1,0,20251101,20260401
L316-1_261211,0,0,0,0,0,0,1,20251101,20260401
L316-2_261501,1,1,1,1,1,0,0,20251117,20260401
L316-2_261503,0,0,0,0,0,1,0,20251117,20260401
L316-2_261504,0,0,0,0,0,0,1,20251117,20260401
L316-3_261215,1,1,1,1,1,0,0,20251101,20260401
L316-3_261216,0,0,0,0,0,1,0,20251101,20260401
L316-3_261217,0,0,0,0,0,0,1,20251101,20260401
L316-4_261218,1,1,1,1,1,0,0,20251201,20260401
L316-4_261505,0,0,0,0,0,1,0,20251117,20260401
L316-4_261506,0,0,0,0,0,0,1,20251201,20260401
L316-6_261222,1,1,1,1,1,0,0,20251101,20260401
L316-7_261223,1,1,1,1,1,0,0,20251101,20260401
L321-4_261384,1,1,1,1,1,1,1,20251101,20260401
L321-5_261385,1,1,1,1,1,1,1,20251101,20260401
L321-6_261386,1,1,1,1,1,1,1,20251101,20260401
L322-8_261411,1,1,1,1,1,0,0,20251101,20260401
L322-8_261412,0,0,0,0,0,1,0,20251101,20260401
L322-8_261413,0,0,0,0,0,0,1,20251101,20260401
L322-12_261414,1,1,1,1,1,1,1,20251101,20260401
L322-14_261415,1,1,1,1,1,0,0,20251101,20260401
L322-15_261417,1,1,1,1,1,0,0,20251101,20260401
L322-16_261416,1,1,1,1,1,0,0,20251101,20260401
L331-1_261641,0,0,0,0,0,1,1,20251223,20351130
L331-2_261526,0,0,0,0,0,1,1,20251117,20351130
L341-1_261524,1,1,1,1,1,0,0,20251117,20351130
L341-1_207491,0,0,0,0,0,1,0,20240117,20300531
L341-2_195472,1,1,1,1,1,0,0,20230217,20260228
L341-4_195473,0,0,0,0,0,0,1,20230217,20260228
L341-5_207492,0,0,0,0,0,0,1,20240120,20300131
L342-3_261517,1,1,1,1,1,0,0,20251117,20351130
L342-3_261518,0,0,0,0,0,1,1,20251117,20351130
L342-4_261519,1,1,1,1,1,0,0,20251117,20351130
L342-4_261520,0,0,0,0,0,1,1,20251117,20351130
L342-5_261521,1,1,1,1,1,0,0,20251117,20351130
L342-7_261522,1,1,1,1,1,0,0,20251117,20351130
L342-7_261523,0,0,0,0,0,1,1,20251117,20351130
L343d-1_261541,1,1,1,1,1,0,0,20251117,20351130
L343d-2_261542,1,1,1,1,1,0,0,20251117,20351130
L401-1_261283,1,1,1,1,1,1,0,20251101,20260401
L401-1_261284,0,0,0,0,0,0,1,20251101,20260401
L401-2_261285,1,1,1,1,1,1,0,20251101,20260401
L401-2_261286,0,0,0,0,0,0,1,20251101,20260401
L401-3_261287,1,1,1,1,1,0,0,20251101,20260401
L401-3_261484,0,0,0,0,0,1,0,20251106,20260401
L401-4_261288,1,1,1,1,1,1,0,20251101,20260401
L401-5_261289,1,1,1,1,1,0,0,20251101,20260401
L401-5_261483,0,0,0,0,0,1,0,20251106,20260401
L401-6_261290,1,1,1,1,1,1,0,20251101,20260401
L401-10_261499,0,0,0,0,0,1,0,20251111,20260401
L401-13_261292,1,1,1,1,1,1,0,20251101,20260401
L401-14_261293,1,1,1,1,1,0,0,20251101,20260401
L401-16_261294,1,1,1,1,1,1,0,20251101,20260401
L401-16_261295,0,0,0,0,0,0,1,20251101,20260401
L401-17_261296,1,1,1,1,1,0,0,20251101,20260401
L401-19_261704,0,1,1,1,1,1,1,20260123,20260401
L401-23_261297,1,1,1,1,1,0,0,20251101,20260401
L401-23_261482,0,0,0,0,0,1,0,20251106,20260401
L401-24_261304,1,1,1,1,1,1,0,20251101,20260401
L401-25_261305,1,1,1,1,1,1,0,20251101,20260401
L401-26_261306,1,1,1,1,1,1,0,20251101,20260401
L401-28_261309,1,1,1,1,1,1,0,20251101,20260401
L401-28_261310,0,0,0,0,0,0,1,20251101,20260401
L401-27_261481,0,0,0,0,0,0,1,20251106,20260401
L403-1_261436,1,1,1,1,1,0,0,20251101,20351031
L403-1_261437,0,0,0,0,0,1,1,20251101,20351031
L403-2_261438,1,1,1,1,1,0,0,20251101,20351031
L403-2_261538,0,0,0,0,0,1,1,20251118,20351130
L403-4_261440,1,1,1,1,1,0,0,20251101,20351031
L403-4_261441,0,0,0,0,0,1,1,20251101,20351031
L411-1_261313,1,1,1,1,1,0,0,20251101,20260401
L411-1_261314,0,0,0,0,0,1,0,20251101,20260401
L411-1_261315,0,0,0,0,0,0,1,20251101,20260401
L411-2_261316,1,1,1,1,1,1,0,20251101,20260401
L411-2_261317,0,0,0,0,0,0,1,20251101,20260401
L412-2_261321,1,1,1,1,1,0,0,20251101,20260401
L412-2_261322,0,0,0,0,0,1,0,20251101,20260401
L412-2_261323,0,0,0,0,0,0,1,20251101,20260401
L412-1_261318,1,1,1,1,1,0,0,20251101,20260401
L412-1_261319,0,0,0,0,0,1,0,20251101,20260401
L412-1_261320,0,0,0,0,0,0,1,20251101,20260401
L416-1_261374,1,1,1,1,1,0,0,20251101,20260401
L416-2_261375,1,1,1,1,1,0,0,20251101,20260401
L416-2_261376,0,0,0,0,0,1,0,20251101,20260401
L416-2_261377,0,0,0,0,0,0,1,20251101,20260401
L416-6_261381,1,1,1,1,1,0,0,20251101,20260401
L416-6_261382,0,0,0,0,0,1,0,20251101,20260401
L416-6_261383,0,0,0,0,0,0,1,20251101,20260401
L416-5_261378,1,1,1,1,1,0,0,20251101,20260401
L416-5_261379,0,0,0,0,0,1,0,20251101,20260401
L416-5_261380,0,0,0,0,0,0,1,20251101,20260401
L417-3_261476,1,1,1,1,1,0,0,20251101,20351031
L417-4_229744,1,1,1,1,1,0,0,20250201,20310131
L417-11_261397,1,1,1,1,1,0,0,20251101,20351031
L417-11_261398,0,0,0,0,0,1,1,20251101,20351031
L417-12_261399,1,1,1,1,1,0,0,20251101,20351031
L417-12_261400,0,0,0,0,0,1,1,20251101,20351031
L421-1_261387,1,1,1,1,1,0,0,20251101,20260401
L421-1_261388,0,0,0,0,0,1,0,20251101,20260401
L421-1_261389,0,0,0,0,0,0,1,20251101,20260401
L421-2_261390,1,1,1,1,1,0,0,20251101,20260401
L421-2_261391,0,0,0,0,0,1,0,20251101,20260401
L421-2_261392,0,0,0,0,0,0,1,20251101,20260401
L421-3_261393,0,0,0,0,0,1,0,20251101,20260401
L421-3_261394,0,0,0,0,0,0,1,20251101,20260401
L421-4_261395,0,0,0,0,0,1,0,20251101,20260401
L421-4_261396,0,0,0,0,0,0,1,20251101,20260401
L431d-1_206970,1,1,1,1,1,0,0,20231101,20301231
L431d-2_206971,1,1,1,1,1,0,0,20231101,20301231
L432-3_261402,1,1,1,1,1,0,0,20251101,20260401
L432-3_261405,0,0,0,0,0,1,0,20251101,20260401
L432-3_261407,0,0,0,0,0,0,1,20251101,20260401
L432-4_261494,1,1,1,1,1,0,0,20251111,20260401
L432-4_261495,0,0,0,0,0,1,0,20251111,20260401
L432-4_261496,0,0,0,0,0,0,1,20251111,20260401
L432-5_261492,1,1,1,1,1,0,0,20251111,20260401
L441-3_261582,1,1,1,1,1,0,0,20251220,20301231
L441-3_261583,0,0,0,0,0,1,1,20251220,20301231
L441-4_261544,1,1,1,1,1,0,0,20251120,20351130
L441-4_229159,0,0,0,0,0,1,1,20241101,20301031
L442-1_261529,1,1,1,1,1,0,0,20251117,20351130
L442-1_261530,0,0,0,0,0,1,1,20251117,20351130
L442-2_261531,1,1,1,1,1,0,0,20251117,20351130
L442-2_261532,0,0,0,0,0,1,1,20251117,20351130
L442-4_261534,1,1,1,1,1,0,0,20251117,20351130
L442-3_261533,1,1,1,1,1,0,0,20251117,20351130
L442-5_261535,1,1,1,1,1,0,0,20251117,20351130
L501-1_261612_1,1,1,1,1,1,0,0,20251223,20260226
L501-1_261646,0,0,0,0,1,0,0,20260227,20260227
L501-1_261612_2,1,1,1,1,1,0,0,20260228,20260401
L501-1_261647,1,1,1,1,1,0,0,20260402,20260412
L501-1_261702,0,0,0,0,0,1,0,20260122,20260401
L501-1_261079,0,0,0,0,0,0,1,20251101,20260401
L501-2_261614_1,1,1,1,1,1,0,0,20251223,20260226
L501-2_261644,0,0,0,0,1,0,0,20260227,20260227
L501-2_261614_2,1,1,1,1,1,0,0,20260228,20260401
L501-2_261645,1,1,1,1,1,0,0,20260402,20260412
L501-2_261637,0,0,0,0,0,1,0,20251223,20260401
L501-2_261640,0,0,0,0,0,0,1,20251223,20260401
L501-3_261084,1,1,1,1,1,0,0,20251101,20260401
L501-3_261085,0,0,0,0,0,1,1,20251101,20260401
L501-5_261089,1,1,1,1,1,0,0,20251101,20260401
L501-5_261090,0,0,0,0,0,1,0,20251101,20260401
L501-5_261091,0,0,0,0,0,0,1,20251101,20260401
L501-7_261094,1,1,1,1,1,0,0,20251101,20260401
L501-15_261095,1,1,1,1,1,0,0,20251101,20260401
L501-4_261086,1,1,1,1,1,0,0,20251101,20260401
L501-4_261087,0,0,0,0,0,1,0,20251101,20260401
L501-4_261088,0,0,0,0,0,0,1,20251101,20260401
L501-6_261092,1,1,1,1,1,0,0,20251101,20260401
L501-17_261097,1,1,1,1,1,0,0,20260107,20260401
L501-18_261617,1,1,1,1,1,0,0,20251223,20260401
L501-19_261101,1,1,1,1,1,0,0,20260107,20260401
L501-19_261102,0,0,0,0,0,1,0,20251101,20260401
L501e-1_261480,1,1,1,1,1,0,0,20251105,20260401
L501e-2_261479,1,1,1,1,1,0,0,20251105,20260401
L501e-4_261117,1,1,1,1,1,0,0,20251101,20260401
L504-1_261107,1,1,1,1,1,1,0,20251101,20260401
L504-1_261108,0,0,0,0,0,0,1,20251101,20260401
L504-2_261109,1,1,1,1,1,1,0,20251101,20260401
L504-2_261110,0,0,0,0,0,0,1,20251101,20260401
L504-5_261111,1,1,1,1,1,0,0,20251101,20260401
L504-5_261112,0,0,0,0,0,0,1,20251101,20260401
L508-6_261426,1,1,1,1,1,0,0,20251101,20260401
L508-6_261427,0,0,0,0,0,1,1,20251101,20260401
L508-7_261428,1,1,1,1,1,0,0,20251101,20260401
L508-7_261429,0,0,0,0,0,1,1,20251101,20260401
L508-8_261430,1,1,1,1,1,0,0,20251101,20260401
L508-8_261431,0,0,0,0,0,1,1,20251101,20260401
L508-9_261432,1,1,1,1,1,0,0,20251101,20260401
L508-9_261433,0,0,0,0,0,1,1,20251101,20260401
L512-1_261224,1,1,1,1,1,0,0,20251101,20260401
L512-1_261225,0,0,0,0,0,1,0,20251101,20260401
L512-1_261226,0,0,0,0,0,0,1,20251101,20260401
L512-2_261228,0,0,0,0,0,0,1,20251101,20260401
L512-3_261229,0,0,0,0,0,0,1,20251101,20260401
L512-4_261231,1,1,1,1,1,0,0,20260107,20260401
L512-5_261233,1,1,1,1,1,0,0,20260107,20260401
L512-7_261234,1,1,1,1,1,0,0,20251101,20260401
L512-8_261236,1,1,1,1,1,0,0,20260107,20260401
L514-1_261497,1,1,1,1,1,0,0,20251111,20260401
L514-1_261498,0,0,0,0,0,1,0,20251111,20260401
L514-6_261126,1,1,1,1,1,0,0,20251101,20260401
L514-6_261127,0,0,0,0,0,1,0,20251101,20260401
L514-3_261122,1,1,1,1,1,0,0,20251101,20260401
L514-3_261123,0,0,0,0,0,1,0,20251101,20260401
L514-3_261580,0,0,0,0,0,0,1,20251217,20260401
L514-2_261121,0,0,0,0,0,0,1,20251101,20260401
L514-4_261124,0,0,0,0,0,0,1,20251101,20260401
L514-5_261125,1,1,1,1,1,1,0,20251101,20260401
L514-7_261128,1,1,1,1,1,0,0,20251101,20260401
L514-7_261129,0,0,0,0,0,1,0,20251101,20260401
L514-8_261130,1,1,1,1,1,0,0,20251101,20260401
L514-8_261131,0,0,0,0,0,1,0,20251101,20260401
L514-8_261132,0,0,0,0,0,0,1,20251101,20260401
L514-9_261133,0,0,0,0,0,0,1,20251101,20260401
L515-1_261134,1,1,1,1,1,0,0,20251101,20260401
L515-1_261135,0,0,0,0,0,1,1,20251101,20260401
L515-2_261136,1,1,1,1,1,0,0,20251101,20260401
L515-2_261137,0,0,0,0,0,1,1,20251101,20260401
L516-1_261138,1,1,1,1,1,0,0,20251101,20260401
L516-1_261139,0,0,0,0,0,0,1,20251101,20260401
L516-2_261140,0,0,0,0,0,0,1,20251101,20260401
L516-3_261141,1,1,1,1,1,1,0,20251101,20260401
L516-3_261142,0,0,0,0,0,0,1,20251101,20260401
L516-4_261143,1,1,1,1,1,1,0,20251101,20260401
L517-1_261144,1,1,1,1,1,0,0,20251101,20260131
L517-1_261676,1,1,1,1,1,0,0,20260201,20260501
L517-1_261145,0,0,0,0,0,1,0,20251101,20260401
L517-1_261146,0,0,0,0,0,0,1,20251101,20260401
L517-2_261147,1,1,1,1,1,0,0,20251101,20260131
L517-2_261679,1,1,1,1,1,0,0,20260201,20260501
L517-2_261148,0,0,0,0,0,1,0,20251101,20260131
L517-2_261682,0,0,0,0,0,1,0,20260201,20260501
L517-2_261149,0,0,0,0,0,0,1,20251101,20260401
L517-3_261150,1,1,1,1,1,0,0,20251101,20260401
L517-3_261151,0,0,0,0,0,1,0,20251101,20260401
L517-3_261152,0,0,0,0,0,0,1,20251101,20260401
L517-8_261153,1,1,1,1,1,0,0,20251101,20260131
L517-8_261681,1,1,1,1,1,0,0,20260201,20260501
L517-8_261154,0,0,0,0,0,1,0,20251101,20260131
L517-8_261680,0,0,0,0,0,1,0,20260201,20260501
L517-9_261155,1,1,1,1,1,0,0,20251101,20260131
L517-9_261156,0,0,0,0,0,1,0,20251101,20260131
L517-9_261683,0,0,0,0,0,1,0,20260201,20260501
L517-10_261157,0,0,0,0,0,1,0,20251101,20260401
L518-1_261424,1,1,1,1,1,1,0,20251101,20260131
L518-1_261677,1,1,1,1,1,1,0,20260201,20260501
L518-2_261425,1,1,1,1,1,1,0,20251101,20260131
L518-2_261678,1,1,1,1,1,1,0,20260201,20260501
L519d-1_261158,1,1,1,1,1,0,0,20251101,20260401
L519d-1_261159,0,0,0,0,0,1,0,20251101,20260401
L519d-2_261160,1,1,1,1,1,0,0,20251101,20260401
L519d-2_261161,0,0,0,0,0,1,0,20251101,20260401
LA11-3_261571,1,1,1,1,1,1,1,20251201,20260401
LA11-4_261572,1,1,1,1,1,1,1,20251201,20260401
LA33-1_261418,1,1,1,1,1,1,1,20251101,20260401
LA33-2_261419,1,1,1,1,1,1,1,20251101,20260401
LA33-3_261420,1,1,1,1,1,1,1,20251101,20260401
LA33-4_261421,1,1,1,1,1,1,1,20251101,20260401
LA33-5_261643,1,1,1,1,1,1,1,20260101,20260401
LA33-6_261423,1,1,1,1,1,1,1,20251101,20260401
LA43-1_261277,1,1,1,1,1,1,1,20251101,20260401
LA43-2_261278,1,1,1,1,1,1,1,20251101,20260401
LA43-3_261279,1,1,1,1,1,1,1,20251101,20260401
LA43-4_261280,1,1,1,1,1,1,1,20251101,20260401
LA51-1_261281,1,1,1,1,1,1,1,20251101,20260401
LA51-2_261493,1,1,1,1,1,1,1,20251111,20260401
M1-1_260705,1,1,1,1,1,0,0,20250703,20350630
M1-1_260706,0,0,0,0,0,1,0,20250703,20350630
M1-2_260708,1,1,1,1,1,0,0,20250701,20350630
M1-2_260748,0,0,0,0,0,1,0,20250901,20350731
T1-1_261507,1,1,1,1,1,0,0,20251117,20351130
T1-2_261508,1,1,1,1,1,0,0,20251117,20351130
T2-1_261509,1,1,1,1,1,0,0,20251117,20351130
T2-1_261510,0,0,0,0,0,1,1,20251117,20351130
T2-2_261511,1,1,1,1,1,0,0,20251117,20351130
T2-2_261512,0,0,0,0,0,1,1,20251117,20351130
T3-1_261513,1,1,1,1,1,0,0,20251117,20351130
T3-1_261514,0,0,0,0,0,1,1,20251117,20351130
T3-2_261515,1,1,1,1,1,0,0,20251117,20351130
T3-2_261516,0,0,0,0,0,1,1,20251117,20351130
